edges_traj;traj_occ_list;traj_alt_occ_list;traj_supp;traj_freq;traj_exp_ind;traj_var_ind;t_stat_ind;t_stat_norm_ind;pval_ind;traj_exp_perm;traj_var_perm;t_stat_perm;t_stat_norm_perm;pval_perm;traj_exp_topol;traj_var_topol;t_stat_topol;t_stat_norm_topol;pval_topol
[SOX2amp->-TP53,TP53->-SOX2amp,g->-SOX2amp,g->-TP53];[49, 50, 52, 54, 55, 57, 59, 61, 63, 66, 69, 70];[49, 50, 52, 54, 55, 57, 59, 61, 63, 66, 69, 70];12;0.1348314606741573;0.07466012226780017;0.0002959333182608826;0.06017133840635713;3.4977820105132738;0.0002842498258861284;0.0875601926163724;0.00023396725137426466;0.04727126805778489;3.0904357278158407;0.001847652641303436;
[PIK3CAamp->-SOX2amp,SOX2amp->-PIK3CAamp,g->-PIK3CAamp,g->-SOX2amp];[49, 52, 54, 55, 58, 59, 61, 63, 65, 66, 69, 70];[49, 52, 54, 55, 58, 59, 61, 63, 65, 66, 69, 70];12;0.1348314606741573;0.07917323088203237;0.000286559852508803;0.055658229792124925;3.287923596446193;0.0005814200984034446;0.09442660959514894;0.00020368363273900694;0.04040485107900836;2.831101529283085;0.004724111866969011;
[PIK3CAamp->-TP53,PIK3CAamp->-SOX2amp,TP53->-PIK3CAamp,TP53->-SOX2amp,SOX2amp->-PIK3CAamp,SOX2amp->-TP53,g->-PIK3CAamp,g->-TP53,g->-SOX2amp];[49, 52, 54, 55, 59, 61, 63, 66, 69, 70];[49, 52, 54, 55, 59, 61, 63, 66, 69, 70];10;0.11235955056179775;0.038640308304623;0.00022461442806316783;0.07371924225717474;4.918832543813612;1.2016784441208759e-06;0.06511503477795612;0.00013789373006282849;0.04724451578384163;4.023269662373025;0.0001898080660835763;
[CDKN2A->-TP53,TP53->-CDKN2A,g->-CDKN2A,g->-TP53];[14, 18, 50, 53, 54, 68, 82, 84, 87];[14, 18, 20, 50, 53, 54, 68, 82, 84, 87];9;0.10112359550561797;0.06747726056714821;0.00025990861411054344;0.03364633493846976;2.08702392218781;0.033917031801146386;0.08286070982700197;0.0001674158607506369;0.018262885678616003;1.4114682079603558;0.16285714285714292;
[EGFRamp->-TP53,TP53->-EGFRamp,g->-EGFRamp,g->-TP53];[0, 21, 41, 42, 44, 59, 67];[0, 21, 41, 42, 44, 59, 67];7;0.07865168539325842;0.04526637621340672;0.0001676155838245541;0.033385309179851705;2.5786844745848128;0.01074752186588921;0.054895666131621196;0.00011666224373855084;0.02375601926163723;2.199421703627726;0.041142857142857134;
[FAT1->-TP53,TP53->-FAT1,g->-FAT1,g->-TP53];[14, 56, 62, 66, 68, 72];[14, 51, 56, 62, 66, 68, 72];6;0.06741573033707865;0.04666042446941324;0.00018217063155294335;0.020755305867665406;1.5377649430268387;0.126440731095679;0.05939004815409309;0.00011118153443256696;0.008025682182985557;0.7611418928232905;0.4196428571428572;
[MGA->-TP53,TP53->-MGA,g->-MGA,g->-TP53];[0, 17, 22, 26, 45, 62];[0, 17, 22, 26, 45, 55, 62];6;0.06741573033707865;0.04226598483754717;0.0001887207378967036;0.02514974549953148;1.83072782184796;0.07149718915343914;0.0523542001070091;0.00013178759232047356;0.01506153023006955;1.3119939607156466;0.20267069790879316;
[KRAS->-TP53,TP53->-KRAS,g->-KRAS,g->-TP53];[12, 22, 24, 27, 44, 45];[12, 15, 20, 22, 24, 27, 44, 45];6;0.06741573033707865;0.04374809266195034;0.0002006723035302064;0.023667637675128313;1.6707489393830603;0.09725928811163109;0.05593008739076155;0.00016097231768653726;0.011485642946317098;0.9052733024507742;0.3196159122085048;
[KEAP1->-TP53,TP53->-KEAP1,g->-KEAP1,g->-TP53];[5, 15, 17, 45, 64, 81];[5, 15, 17, 45, 64, 81];6;0.06741573033707865;0.03932861700651963;0.0001768387995300568;0.02808711333055902;2.1121187288451315;0.036053040695016;0.05093632958801498;0.00011172052412636513;0.01647940074906367;1.5591034511630624;0.1520987654320988;
[FGFR1amp->-TP53,TP53->-FGFR1amp,g->-FGFR1amp,g->-TP53];[56, 62, 63, 66, 69, 70];[56, 62, 63, 66, 69, 70];6;0.06741573033707865;0.04989299090422686;0.00013039038549182247;0.01752273943285179;1.5345435506310448;0.144195556640625;0.05939004815409309;5.507189619945946e-05;0.008025682182985557;1.0814761408717506;0.4017857142857143;
[EGFR->-TP53,TP53->-EGFR,g->-EGFR,g->-TP53];[3, 18, 19, 23, 88];[3, 13, 18, 19, 23, 88];5;0.056179775280898875;0.02918227215980025;0.00013820407854725912;0.026997503121098623;2.296482658135903;0.03157552083333333;0.04307116104868913;7.364390018095358e-05;0.013108614232209742;1.527525231651947;0.18518518518518517;
[TERTamp->-TP53,TP53->-TERTamp,g->-TERTamp,g->-TP53];[4, 5, 14, 50, 53];[4, 5, 8, 14, 50, 53, 55];5;0.056179775280898875;0.03961011745522179;0.0002108026496817379;0.016569657825677084;1.1412361167206044;0.22626230668048472;0.04621009452470126;0.0001997218437843419;0.009969680756197613;0.7054536233588391;0.387550615484289;
[FGFR1amp->-SOX2amp,FGFR1amp->-PIK3CAamp,SOX2amp->-FGFR1amp,SOX2amp->-PIK3CAamp,PIK3CAamp->-FGFR1amp,PIK3CAamp->-SOX2amp,g->-FGFR1amp,g->-SOX2amp,g->-PIK3CAamp];[63, 65, 66, 69, 70];[63, 65, 66, 69, 70];5;0.056179775280898875;0.028521634309154373;0.0001437879005181222;0.027658140971744502;2.306544376615784;0.025111607142857144;0.04895666131621188;2.8985208526031292e-05;0.007223113964686993;1.341640786499873;0.35714285714285715;
[FGFR1amp->-SOX2amp,FGFR1amp->-TP53,FGFR1amp->-PIK3CAamp,SOX2amp->-FGFR1amp,SOX2amp->-TP53,SOX2amp->-PIK3CAamp,TP53->-FGFR1amp,TP53->-PIK3CAamp,TP53->-SOX2amp,PIK3CAamp->-TP53,PIK3CAamp->-SOX2amp,PIK3CAamp->-FGFR1amp,g->-FGFR1amp,g->-SOX2amp,g->-TP53,g->-PIK3CAamp];[63, 66, 69, 70];[63, 66, 69, 70];4;0.0449438202247191;0.012648077305427254;9.47061601496767e-05;0.032295742919291846;3.3186095992099265;0.0035032934072066323;0.036115569823434994;2.1255819585756283e-05;0.008828250401284106;1.9148542155126755;0.21428571428571427;
[PTEN->-TP53,TP53->-PTEN,g->-PTEN,g->-TP53];[55, 69, 79, 80];[55, 69, 79, 80];4;0.0449438202247191;0.021457553058676655;9.431362910905687e-05;0.023486267166042445;2.4183923958672655;0.030381944444444444;0.030230069555912256;5.7040027642585035e-05;0.014713750668806844;1.9481999541834893;0.11904761904761904;
[PIK3CA->-TP53,TP53->-PIK3CA,g->-PIK3CA,g->-TP53];[50, 62, 73, 85];[17, 50, 62, 73, 85];4;0.0449438202247191;0.03467696629213483;0.00013456456728948367;0.010266853932584273;0.8850585944985321;0.3546675;0.04188514357053683;8.676342462059752e-05;0.003058676654182267;0.32837132507244454;0.6138271604938272;
[NOTCH1->-TP53,TP53->-NOTCH1,g->-NOTCH1,g->-TP53];[53, 54, 62, 68];[3, 52, 53, 54, 62, 68];4;0.0449438202247191;0.03281488417256207;0.00016644947602959117;0.012128936052157029;0.9401160996795995;0.3073288031311919;0.0387016229712859;0.0001568342318668456;0.006242197253433203;0.49844478627922634;0.4898405349794239;
[TP53->-UBR5,g->-TP53,g->-UBR5];[45, 52, 61, 80];[45, 52, 61, 80];4;0.0449438202247191;0.007941462061312249;7.163190976677344e-05;0.03700235816340685;4.3719595746420294;0.0007526705692635682;0.009987515605493134;8.338515681864587e-05;0.03495630461922597;3.828081191338114;0.0017146776406035665;
[CCND1amp->-TP53,TP53->-CCND1amp,g->-CCND1amp,g->-TP53];[26, 49, 61, 67];[26, 49, 61, 67];4;0.0449438202247191;0.023807740324594255;0.0001144092668184744;0.021136079900124845;1.9760313970549357;0.06666666666666667;0.029962546816479398;8.865322840830984e-05;0.014981273408239702;1.5911145683514603;0.16000000000000003;
[MYCamp->-TP53,TP53->-MYCamp,g->-MYCamp,g->-TP53];[15, 41, 59, 70];[15, 41, 59, 70];4;0.0449438202247191;0.03486713037274835;7.962383894956141e-05;0.01007668985197075;1.1292662153625657;0.3401360544217687;0.04119850187265918;2.8054819116553746e-05;0.0037453183520599204;0.7071067811865467;0.6666666666666667;
[NFE2L2->-TP53,TP53->-NFE2L2,g->-NFE2L2,g->-TP53];[52, 59, 61, 73];[52, 54, 59, 61, 62, 73];4;0.0449438202247191;0.040422562075183806;0.00015550426095433414;0.004521258149535294;0.3625669037452133;0.5466527269725143;0.049001248439450695;0.00010510815912069962;-0.004057428214731595;-0.39576066760618994;0.8317901234567902;
[RASA1->-TP53,TP53->-RASA1,g->-RASA1,g->-TP53];[62, 70, 77, 85];[47, 62, 70, 77, 85];4;0.0449438202247191;0.0359806937756376;0.00011401295865255631;0.008963126449081503;0.83942599753794;0.396031746031746;0.045880149812734076;5.1726072746145966e-05;-0.0009363295880149766;-0.13018891098082322;0.8333333333333334;
[FBXW7->-TP53,TP53->-FBXW7,g->-FBXW7,g->-TP53];[27, 44, 50, 70];[27, 44, 50, 70];4;0.0449438202247191;0.029331193151417873;9.561139609654409e-05;0.015612627073301227;1.5966920257262556;0.15085714285714286;0.03470661672908864;6.18452901413807e-05;0.01023720349563046;1.3017513017519526;0.29333333333333333;
[FAT1->-FGFR1amp,FGFR1amp->-FAT1,g->-FAT1,g->-FGFR1amp];[56, 60, 62, 66];[56, 60, 62, 66];4;0.0449438202247191;0.03293192537106395;9.662377638872749e-05;0.012011894853655149;1.22199525159918;0.28356481481481477;0.039637952559300874;4.549166849802291e-05;0.005305867665418226;0.7866661827506707;0.5833333333333334;
[FAT1->-FGFR1amp,FAT1->-TP53,FGFR1amp->-FAT1,FGFR1amp->-TP53,TP53->-FGFR1amp,TP53->-FAT1,g->-FAT1,g->-FGFR1amp,g->-TP53];[56, 62, 66];[56, 62, 66];3;0.033707865168539325;0.01506417759051186;9.130370923278009e-05;0.018643687578027465;1.9511362873177387;0.08544921875;0.02949438202247191;2.958906703699028e-05;0.004213483146067416;0.7745966692414833;0.625;
[CDKN2A->-NOTCH1,CDKN2A->-TP53,NOTCH1->-CDKN2A,NOTCH1->-TP53,TP53->-NOTCH1,TP53->-CDKN2A,g->-CDKN2A,g->-NOTCH1,g->-TP53];[53, 54, 68];[53, 54, 68];3;0.033707865168539325;0.010850694444444444;8.119715547117436e-05;0.02285717072409488;2.5366004464424052;0.0316478587962963;0.018258426966292134;9.271241004923621e-05;0.01544943820224719;1.6045149064768398;0.15625;
[ARID2->-TP53,TP53->-ARID2,g->-ARID2,g->-TP53];[15, 17, 72];[15, 17, 72];3;0.033707865168539325;0.01867665418227216;9.033402379360381e-05;0.015031210986267165;1.5814967108058595;0.16296296296296298;0.024219725343320852;5.96009046120564e-05;0.009488139825218473;1.2290078319709863;0.325925925925926;
[PIK3CAamp->-PTEN,PIK3CAamp->-SOX2amp,PTEN->-PIK3CAamp,PTEN->-SOX2amp,SOX2amp->-PTEN,SOX2amp->-PIK3CAamp,g->-PIK3CAamp,g->-PTEN,g->-SOX2amp];[55, 65, 69];[55, 65, 69];3;0.033707865168539325;0.014083567415730337;7.305144897661281e-05;0.019624297752808988;2.296041361825651;0.0369140625;0.02447833065810594;1.8518327669408884e-05;0.009229534510433384;2.144761058952721;0.17857142857142858;
[KMT2D->-PIK3CAamp,KMT2D->-SOX2amp,KMT2D->-PTEN,KMT2D->-TP53,PIK3CAamp->-KMT2D,PIK3CAamp->-PTEN,PIK3CAamp->-TP53,PIK3CAamp->-SOX2amp,SOX2amp->-KMT2D,SOX2amp->-PTEN,SOX2amp->-PIK3CAamp,SOX2amp->-TP53,PTEN->-KMT2D,PTEN->-PIK3CAamp,PTEN->-SOX2amp,PTEN->-TP53,TP53->-KMT2D,TP53->-PTEN,TP53->-PIK3CAamp,TP53->-SOX2amp,g->-KMT2D,g->-PIK3CAamp,g->-SOX2amp,g->-PTEN,g->-TP53];[55, 69];[55, 69];2;0.02247191011235955;0.0023453958918539324;2.104150813993308e-05;0.02012651422050562;4.387631363606963;0.0007510185241699219;0.011436597110754414;2.2141478735162793e-06;0.011035313001605136;7.416198487095663;0.017857142857142856;
[KRAS->-NF1,NF1->-KRAS,g->-KRAS,g->-NF1];[27, 36, 45];[27, 36, 45];3;0.033707865168539325;0.025558329865445973;6.814429936562435e-05;0.008149535303093352;0.9872293995311268;0.43209876543209874;0.031210986267166042;2.182041486843069e-05;0.0024968789013732826;0.5345224838248486;0.7777777777777778;
[KMT2D->-TP53,TP53->-KMT2D,g->-KMT2D,g->-TP53];[45, 55, 69];[20, 45, 55, 69];3;0.033707865168539325;0.023607643223748094;8.969074139111995e-05;0.01010022194479123;1.0664907921824147;0.3062199931412894;0.02698412698412699;7.549386421702928e-05;0.006723738184412336;0.7738467558603361;0.43227513227513226;
[STK11->-TP53,TP53->-STK11,g->-STK11,g->-TP53];[21, 81, 82];[21, 81, 82];3;0.033707865168539325;0.02059925093632959;7.364390018095358e-05;0.013108614232209735;1.5275252316519463;0.18518518518518517;0.02696629213483146;3.0299204645878046e-05;0.006741573033707864;1.224744871391589;0.4;
[CDKN2A->-FAT1,FAT1->-CDKN2A,g->-CDKN2A,g->-FAT1];[14, 60, 68];[14, 60, 68];3;0.033707865168539325;0.019277118879178805;8.954918875560348e-05;0.01443074628936052;1.5249582836187672;0.1800411522633745;0.02224897449616551;8.127587655485168e-05;0.011458890672373816;1.2710473949943382;0.27777777777777785;
[CDKN2A->-FAT1,CDKN2A->-TP53,FAT1->-CDKN2A,FAT1->-TP53,TP53->-FAT1,TP53->-CDKN2A,g->-CDKN2A,g->-FAT1,g->-TP53];[14, 68];[14, 68];2;0.02247191011235955;0.005754525593008739;4.798139670819559e-05;0.01671738451935081;2.4134143402053905;0.06510416666666667;0.009630818619582666;6.054688003215426e-05;0.012841091492776884;1.6502739940140692;0.17857142857142858;
[MYCamp->-STK11,STK11->-MYCamp,g->-MYCamp,g->-STK11];[7, 40, 43];[7, 40, 43];3;0.033707865168539325;0.022159800249687892;8.289809398676124e-05;0.011548064918851433;1.2683436648534625;0.2777777777777778;0.029962546816479405;2.8054819116553746e-05;0.0037453183520599204;0.7071067811865467;0.6666666666666667;
[PIK3CAamp->-UBR5,PIK3CAamp->-SOX2amp,SOX2amp->-UBR5,SOX2amp->-PIK3CAamp,g->-PIK3CAamp,g->-UBR5,g->-SOX2amp];[52, 58, 61];[52, 58, 61];3;0.033707865168539325;0.0030185069588939757;3.0868657179039747e-05;0.03068935820964535;5.52368542631377;0.0007144490169181527;0.0060192616372391665;5.444567255846496e-05;0.02768860353130016;3.7524884940698815;0.004960317460317461;
[NFE2L2->-UBR5,NFE2L2->-SOX2amp,NFE2L2->-PIK3CAamp,NFE2L2->-TP53,PIK3CAamp->-UBR5,PIK3CAamp->-NFE2L2,PIK3CAamp->-TP53,PIK3CAamp->-SOX2amp,SOX2amp->-NFE2L2,SOX2amp->-UBR5,SOX2amp->-PIK3CAamp,SOX2amp->-TP53,TP53->-NFE2L2,TP53->-UBR5,TP53->-PIK3CAamp,TP53->-SOX2amp,g->-NFE2L2,g->-UBR5,g->-PIK3CAamp,g->-SOX2amp,g->-TP53];[52, 61];[52, 61];2;0.02247191011235955;0.00019622819440948016;2.1742241826121627e-06;0.02227568191795007;15.107021486663404;3.136127371931534e-05;0.0019618334225075798;1.8528267727202447e-05;0.02051007668985197;4.76485704517399;0.001322751322751323;
[NFE2L2->-SOX2amp,NFE2L2->-PIK3CAamp,NFE2L2->-TP53,SOX2amp->-NFE2L2,SOX2amp->-PIK3CAamp,SOX2amp->-TP53,PIK3CAamp->-NFE2L2,PIK3CAamp->-TP53,PIK3CAamp->-SOX2amp,TP53->-NFE2L2,TP53->-PIK3CAamp,TP53->-SOX2amp,g->-NFE2L2,g->-SOX2amp,g->-PIK3CAamp,g->-TP53];[52, 59, 61];[52, 54, 59, 61];3;0.033707865168539325;0.005242931931793078;4.700167793034561e-05;0.028464933236746245;4.151963131345339;0.00257489124432962;0.018815766006777243;5.710364401246385e-05;0.014892099161762082;1.9707158420818962;0.1146384479717813;
[BRAF->-TP53,TP53->-BRAF,g->-BRAF,g->-TP53];[4, 8, 41];[4, 8, 41];3;0.033707865168539325;0.022752172029860636;7.660189909366025e-05;0.010955693138678689;1.2517571798965081;0.2915451895043732;0.02675227394328518;5.381944891747045e-05;0.006955591225254146;0.9481224447363145;0.4761904761904763;
[COL2A1->-TP53,TP53->-COL2A1,g->-COL2A1,g->-TP53];[17, 42, 84];[17, 42, 84];3;0.033707865168539325;0.023563402889245584;6.676543108090352e-05;0.01014446227929374;1.2415185214371052;0.3017142857142857;0.027965043695380776;3.154608549550266e-05;0.005742821473158549;1.0224747162910897;0.48888888888888893;
[KRAS->-MGA,MGA->-KRAS,g->-KRAS,g->-MGA];[16, 22, 45];[16, 22, 31, 45];3;0.033707865168539325;0.02789915383548342;0.00010825392357132229;0.005808711333055903;0.5582875866414727;0.5115740740740741;0.03682896379525593;5.338208637455365e-05;-0.003121098626716605;-0.42717882885838054;0.8888888888888888;
[KRAS->-MGA,KRAS->-TP53,MGA->-KRAS,MGA->-TP53,TP53->-KRAS,TP53->-MGA,g->-KRAS,g->-MGA,g->-TP53];[22, 45];[22, 45];2;0.02247191011235955;0.0076755906968141675;5.318913199067399e-05;0.014796319415545382;2.0288140629762985;0.10242341106538637;0.018726591760299626;2.8054819116553746e-05;0.003745318352059924;0.7071067811865474;0.6666666666666667;
[TP53->-NCOR1,g->-TP53,g->-NCOR1];[17, 21, 63];[17, 21, 63];3;0.033707865168539325;0.007450842696629213;6.505052826347682e-05;0.026257022471910113;3.2555177080145317;0.0106640625;0.008600856072766184;7.159972729570724e-05;0.02510700909577314;2.9671485912895026;0.01625;
[COL5A2->-TP53,TP53->-COL5A2,g->-COL5A2,g->-TP53];[69, 82, 84];[53, 63, 69, 82, 84];3;0.033707865168539325;0.04146602461209203;0.00010671913186223022;-0.007758159443552702;-0.7509958878853042;0.9017769949776786;0.04815409309791332;5.507189619945946e-05;-0.014446227929373993;-1.9466570535691499;1.0;
[CDKN2A->-TERTamp,CDKN2A->-TP53,TERTamp->-CDKN2A,TERTamp->-TP53,TP53->-TERTamp,TP53->-CDKN2A,g->-CDKN2A,g->-TERTamp,g->-TP53];[14, 50, 53];[14, 50, 53];3;0.033707865168539325;0.009601474719101123;7.414107561683341e-05;0.0241063904494382;2.799643580661042;0.0201873779296875;0.01431246655965757;8.465649021044263e-05;0.019395398608881755;2.107990163604449;0.06510416666666667;
[NF1->-TP53,TP53->-NF1,g->-NF1,g->-TP53];[27, 45, 77];[0, 27, 45, 50, 77];3;0.033707865168539325;0.03231748296488799;0.0001269809577412799;0.0013903822036513344;0.12338572041394483;0.6552929649225946;0.03991439272338149;7.913113016485005e-05;-0.006206527554842162;-0.6977100900188562;0.9188712522045855;
[NF1->-TP53,NF1->-KRAS,TP53->-NF1,TP53->-KRAS,KRAS->-NF1,KRAS->-TP53,g->-NF1,g->-TP53,g->-KRAS];[27, 45];[27, 45];2;0.02247191011235955;0.011420909048874092;6.254073836285856e-05;0.011051001063485458;1.3973980039550933;0.25605852766346593;0.018726591760299626;2.8054819116553746e-05;0.003745318352059924;0.7071067811865474;0.6666666666666667;
[COL5A2->-PHOX2B,PHOX2B->-COL5A2,g->-COL5A2,g->-PHOX2B];[82, 83];[82, 83];2;0.02247191011235955;0.01957780047667688;2.796787236309335e-05;0.0028941096356826686;0.5472493629827027;0.7575757575757576;0.02247191011235955;2.012148179796317e-12;0.0;0.0;1.0;
[KRAS->-SGK223,SGK223->-KRAS,g->-KRAS,g->-SGK223];[45, 78];[45, 78];2;0.02247191011235955;0.015258704397281175;5.499360290473979e-05;0.007213205715078375;0.9726850287479781;0.46090534979423864;0.019975031210986267;2.182041486843069e-05;0.0024968789013732826;0.5345224838248486;0.7777777777777778;
[FGFR1amp->-MYCamp,MYCamp->-FGFR1amp,g->-FGFR1amp,g->-MYCamp];[60, 70];[60, 70];2;0.02247191011235955;0.01739888631274399;4.2397561668736065e-05;0.005073023799615561;0.7791058395800488;0.5925925925925926;0.019975031210986267;2.182041486843069e-05;0.0024968789013732826;0.5345224838248486;0.7777777777777778;
[ARHGAP35->-TP53,ARHGAP35->-BRAF,TP53->-ARHGAP35,TP53->-BRAF,BRAF->-ARHGAP35,BRAF->-TP53,g->-ARHGAP35,g->-TP53,g->-BRAF];[8, 41];[8, 41];2;0.02247191011235955;0.010810102532184625;5.8686697368268824e-05;0.011661807580174925;1.5222852392396355;0.21419646575831497;0.01765650080256822;3.0917555761100046e-05;0.004815409309791331;0.8660254037844384;0.5714285714285714;
[KEAP1->-TERTamp,TERTamp->-KEAP1,g->-KEAP1,g->-TERTamp];[5, 33];[5, 33];2;0.02247191011235955;0.014382022471910113;5.171064259563186e-05;0.008089887640449437;1.125;0.384;0.017977528089887642;3.0299204645878046e-05;0.004494382022471908;0.8164965809277257;0.6;
[CDKN2A->-WRN,WRN->-CDKN2A,g->-CDKN2A,g->-WRN];[20, 53];[20, 53];2;0.02247191011235955;0.00987047440699126;5.0299891891533834e-05;0.01260143570536829;1.776791639862553;0.14583333333333331;0.011423220973782771;4.835949445215952e-05;0.011048689138576779;1.5888023684263979;0.2;
[TERTamp->-NF1,g->-TERTamp,g->-NF1];[1, 50];[1, 50];2;0.02247191011235955;0.005106626920431094;4.43370947414338e-05;0.017365283191928454;2.6079439555363595;0.05163265306122449;0.005814160870340645;4.8422872260651286e-05;0.016657749242018904;2.3938175511733077;0.06693121693121692;
[CDKN2A->-SPEN,CDKN2A->-TP53,SPEN->-CDKN2A,SPEN->-TP53,TP53->-SPEN,TP53->-CDKN2A,g->-CDKN2A,g->-SPEN,g->-TP53];[14, 82];[14, 82];2;0.02247191011235955;0.008875624219725344;5.3826150690810954e-05;0.013596285892634206;1.853205696852843;0.13020833333333334;0.015248796147672553;2.8985208526031292e-05;0.007223113964686997;1.3416407864998736;0.35714285714285715;
[FAT1->-NOTCH1,FAT1->-TP53,NOTCH1->-FAT1,NOTCH1->-TP53,TP53->-NOTCH1,TP53->-FAT1,g->-FAT1,g->-NOTCH1,g->-TP53];[62, 68];[62, 68];2;0.02247191011235955;0.00772959581772784;5.586988821317445e-05;0.01474231429463171;1.9723172112936194;0.11393229166666667;0.012640449438202247;6.115073854311324e-05;0.009831460674157303;1.2572371141874241;0.3125;
[POLE->-TP53,TP53->-POLE,g->-POLE,g->-TP53];[21, 66];[21, 66];2;0.02247191011235955;0.013108614232209739;4.5589081064399835e-05;0.009363295880149811;1.3867504905630728;0.2777777777777778;0.015730337078651683;3.0299204645878046e-05;0.006741573033707867;1.2247448713915894;0.4;
[TP53->-NOTCH1,g->-TP53,g->-NOTCH1];[3, 52];[3, 52, 53, 54, 62, 68];2;0.02247191011235955;0.011162262449715632;0.00010194028705349856;0.011309647662643918;1.1201499121764271;0.2593694616247107;0.0134207240948814;0.00011606707283810343;0.00905118601747815;0.8401386692886326;0.34200585133744854;
[PIK3CA->-RASA1,PIK3CA->-TP53,RASA1->-PIK3CA,RASA1->-TP53,TP53->-RASA1,TP53->-PIK3CA,g->-PIK3CA,g->-RASA1,g->-TP53];[62, 85];[62, 85];2;0.02247191011235955;0.010001755617977528;6.20537937868877e-05;0.012470154494382022;1.5830246042985676;0.196875;0.018258426966292134;2.958906703699028e-05;0.004213483146067416;0.7745966692414833;0.625;
[TP53->-PTPRC,g->-TP53,g->-PTPRC];[14, 52];[14, 20, 52];2;0.02247191011235955;0.007690040227493411;6.637937307619801e-05;0.014781869884866138;1.8143154629309897;0.13175154320987653;0.008899589798466202;7.309489090889948e-05;0.013572320313893348;1.5874885060468846;0.1714285714285714;
[CDKN2A->-PTPRC,g->-CDKN2A,g->-PTPRC];[14, 20];[14, 20];2;0.02247191011235955;0.0049157303370786515;4.2904147203635906e-05;0.0175561797752809;2.680281337094487;0.046875;0.005778491171749598;4.776762365089957e-05;0.016693418940609953;2.4153411162109415;0.06428571428571428;
[KEAP1->-PIK3CA,PIK3CA->-KEAP1,g->-KEAP1,g->-PIK3CA];[33, 86];[17, 33, 86];2;0.02247191011235955;0.021423220973782773;7.936147231690724e-05;0.001048689138576777;0.11771773894935444;0.7093333333333334;0.027965043695380776;3.154608549550266e-05;-0.005493133583021226;-0.9780192938436519;1.0;
[COL2A1->-COL5A2,COL5A2->-COL2A1,g->-COL2A1,g->-COL5A2];[83, 84];[83, 84];2;0.02247191011235955;0.019845323216109732;2.5892388295797295e-05;0.0026265868962498176;0.5161854012087639;0.7792207792207791;0.02247191011235955;2.012148179796317e-12;0.0;0.0;1.0;
[TP53->-COL5A2,g->-TP53,g->-COL5A2];[53, 63];[53, 63, 69, 82, 84];2;0.02247191011235955;0.0035112359550561797;3.2732905409670494e-05;0.01896067415730337;3.314068624433964;0.022216796875;0.004012841091492777;3.631202512566698e-05;0.01845906902086677;3.063264927775323;0.029017857142857144;
[FGFR1amp->-RASA1,FGFR1amp->-TP53,RASA1->-FGFR1amp,RASA1->-TP53,TP53->-RASA1,TP53->-FGFR1amp,g->-FGFR1amp,g->-RASA1,g->-TP53];[62, 70];[62, 70];2;0.02247191011235955;0.011487653347855996;6.051372092766948e-05;0.010984256764503554;1.4120294258114667;0.25111607142857145;0.018258426966292134;2.958906703699028e-05;0.004213483146067416;0.7745966692414833;0.625;
[KRAS->-TERTamp,TERTamp->-KRAS,g->-KRAS,g->-TERTamp];[33, 48];[33, 48];2;0.02247191011235955;0.017977528089887642;4.039893952783739e-05;0.004494382022471908;0.7071067811865472;0.6400000000000001;0.02247191011235955;2.012148179796317e-12;0.0;0.0;1.0;
[KEAP1->-KRAS,KRAS->-KEAP1,g->-KEAP1,g->-KRAS];[33, 45];[15, 33, 45];2;0.02247191011235955;0.022999028991538356;7.831027479272e-05;-0.0005271188791788062;-0.05956610423476244;0.7670781893004115;0.02746566791510612;4.9875233984984436e-05;-0.004993757802746569;-0.7071067811865478;0.9259259259259259;
[KEAP1->-PRF1,PRF1->-KEAP1,g->-KEAP1,g->-PRF1];[17, 28];[17, 28];2;0.02247191011235955;0.010337078651685393;6.261835626814796e-05;0.012134831460674157;1.533496952467075;0.2112;0.01223470661672909;6.18452901413807e-05;0.01023720349563046;1.3017513017519526;0.29333333333333333;
[SMARCA4->-TERTamp,TERTamp->-SMARCA4,g->-SMARCA4,g->-TERTamp];[48, 76];[48, 76];2;0.02247191011235955;0.014606741573033709;5.176114127004166e-05;0.007865168539325841;1.0932163332202423;0.4;0.02247191011235955;2.012148179796317e-12;0.0;0.0;1.0;
[KRASamp->-TP53,KRASamp->-COL2A1,TP53->-KRASamp,TP53->-COL2A1,COL2A1->-KRASamp,COL2A1->-TP53,g->-KRASamp,g->-TP53,g->-COL2A1];[17, 42];[17, 42];2;0.02247191011235955;0.0077528089887640445;5.245549804317637e-05;0.014719101123595505;2.032290474514864;0.10079999999999999;0.01451310861423221;2.608221464742106e-05;0.00795880149812734;1.5583874449479589;0.2916666666666667;
[RB1->-TP53,TP53->-RB1,g->-RB1,g->-TP53];[23, 42];[13, 23, 42];2;0.02247191011235955;0.018820224719101122;5.7678954677439714e-05;0.0036516853932584276;0.48082236894595104;0.64375;0.024344569288389517;1.7534261947846093e-05;-0.0018726591760299671;-0.44721359549995904;1.0;
[PIK3CA->-TERTamp,TERTamp->-PIK3CA,g->-PIK3CA,g->-TERTamp];[33, 50];[33, 50];2;0.02247191011235955;0.013932584269662922;5.1306653200353486e-05;0.008539325842696628;1.1921660297625012;0.35200000000000004;0.016729088639201;3.154608549550266e-05;0.005742821473158549;1.0224747162910897;0.48888888888888893;
[PDGFRAamp->-TP53,TP53->-PDGFRAamp,g->-PDGFRAamp,g->-TP53];[53, 56];[53, 56];2;0.02247191011235955;0.01580056179775281;5.215073065269537e-05;0.0066713483146067405;0.9238116128199987;0.4921875;0.019662921348314606;2.3671253629592223e-05;0.0028089887640449437;0.5773502691896258;0.75;
[SERPINB13->-TP53,TP53->-SERPINB13,g->-SERPINB13,g->-TP53];[23, 63];[23, 63];2;0.02247191011235955;0.013693820224719102;5.51096373563944e-05;0.008778089887640448;1.1824594246010052;0.3515625;0.01725521669341894;3.140064256986723e-05;0.005216693418940609;0.9309493362512626;0.5357142857142857;
[NF1->-PHOX2B,PHOX2B->-NF1,g->-NF1,g->-PHOX2B];[36, 83];[36, 83];2;0.02247191011235955;0.0186414708886619;3.410486404483949e-05;0.0038304392236976487;0.6559042041699387;0.6818181818181818;0.02247191011235955;2.012148179796317e-12;0.0;0.0;1.0;
[NOTCH1->-NFE2L2,NOTCH1->-TP53,TP53->-NFE2L2,TP53->-NOTCH1,g->-NOTCH1,g->-NFE2L2,g->-TP53];[54, 62];[52, 54, 62];2;0.02247191011235955;0.0028868356105793682;2.964926398669503e-05;0.01958507450178018;3.5968163977749286;0.020717533055174518;0.004614767255216694;4.458265021280153e-05;0.017857142857142856;2.6744164336842737;0.050595238095238096;
[CCND1amp->-PIK3CAamp,CCND1amp->-SOX2amp,CCND1amp->-TP53,PIK3CAamp->-CCND1amp,PIK3CAamp->-TP53,PIK3CAamp->-SOX2amp,SOX2amp->-CCND1amp,SOX2amp->-PIK3CAamp,SOX2amp->-TP53,TP53->-CCND1amp,TP53->-PIK3CAamp,TP53->-SOX2amp,g->-CCND1amp,g->-PIK3CAamp,g->-SOX2amp,g->-TP53];[49, 61];[49, 61];2;0.02247191011235955;0.0012484394506866417;1.2901753235699098e-05;0.02122347066167291;5.908701352907621;0.0017146776406035662;0.00449438202247191;3.5910168469188795e-05;0.01797752808988764;2.9999999999999996;0.02222222222222222;
[MYCamp->-PRDM1,PRDM1->-MYCamp,g->-MYCamp,g->-PRDM1];[7, 41];[7, 41];2;0.02247191011235955;0.015873015873015872;4.6630799121165296e-05;0.006598894239343678;0.966350640662805;0.47619047619047616;0.018726591760299626;2.8054819116553746e-05;0.003745318352059924;0.7071067811865474;0.6666666666666667;
[APC->-EGFRamp,EGFRamp->-APC,g->-APC,g->-EGFRamp];[25, 41];[25, 41];2;0.02247191011235955;0.015248796147672553;4.702044938667299e-05;0.007223113964686997;1.053370324765175;0.42857142857142855;0.02247191011235955;2.012148179796317e-12;0.0;0.0;1.0;
[FGFR1amp->-PTEN,FGFR1amp->-SOX2amp,FGFR1amp->-PIK3CAamp,PTEN->-FGFR1amp,PTEN->-PIK3CAamp,PTEN->-SOX2amp,PIK3CAamp->-PTEN,PIK3CAamp->-FGFR1amp,PIK3CAamp->-SOX2amp,SOX2amp->-PTEN,SOX2amp->-FGFR1amp,SOX2amp->-PIK3CAamp,g->-FGFR1amp,g->-PTEN,g->-PIK3CAamp,g->-SOX2amp];[65, 69];[65, 69];2;0.02247191011235955;0.006765800561797752;5.012802683827011e-05;0.015706109550561797;2.2183410576373643;0.07875;0.02247191011235955;2.012148179796317e-12;0.0;0.0;1.0;
[ARID1B->-TP53,TP53->-ARID1B,g->-ARID1B,g->-TP53];[15, 63];[15, 63];2;0.02247191011235955;0.011509051186017479;6.261040496741744e-05;0.010962858926342071;1.3854809830503152;0.2604166666666667;0.013509898341359017;5.945546168642098e-05;0.008962011771000533;1.162276968726171;0.35714285714285715;
[EGFR->-PIK3CA,PIK3CA->-EGFR,g->-EGFR,g->-PIK3CA];[2, 6];[2, 6];2;0.02247191011235955;0.011704119850187265;5.764388615354402e-05;0.010767790262172285;1.4182407567498772;0.25;0.016853932584269662;3.156167150612296e-05;0.0056179775280898875;1.0;0.5;
[KRASamp->-RB1,RB1->-KRASamp,g->-KRASamp,g->-RB1];[1, 42];[1, 42];2;0.02247191011235955;0.01082320568676909;3.7445997467389465e-05;0.01164870442559046;1.9035966148041858;0.13061224489795917;0.01337613697164259;1.9466609182914843e-05;0.00909577314071696;2.06155281280883;0.19047619047619047;
[BRAF->-EGFRamp,EGFRamp->-BRAF,g->-BRAF,g->-EGFRamp];[38, 41];[38, 41];2;0.02247191011235955;0.017121455323702513;4.351359699710378e-05;0.0053504547886570365;0.8111071056538127;0.5714285714285714;0.02247191011235955;2.012148179796317e-12;0.0;0.0;1.0;
[PRF1->-TP53,TP53->-PRF1,g->-PRF1,g->-TP53];[17, 50];[17, 50];2;0.02247191011235955;0.009887640449438202;6.221436687286959e-05;0.012584269662921348;1.5954480704349312;0.1936;0.010986267166042448;6.309217099100532e-05;0.011485642946317102;1.4459976109624422;0.2390123456790124;
[TP53->-WT1,WT1->-TP53,g->-TP53,g->-WT1];[67, 69];[67, 69];2;0.02247191011235955;0.015224719101123595;4.531940411564196e-05;0.007247191011235955;1.0765336577208646;0.42;0.017977528089887642;3.0299204645878046e-05;0.004494382022471908;0.8164965809277257;0.6;
[PIK3CA->-SMAD4,SMAD4->-PIK3CA,g->-PIK3CA,g->-SMAD4];[85, 86];[85, 86];2;0.02247191011235955;0.01647940074906367;4.825428888047244e-05;0.0059925093632958795;0.8626621856275073;0.5333333333333333;0.02247191011235955;2.012148179796317e-12;0.0;0.0;1.0;
[FBXW7->-SOX2amp,FBXW7->-TP53,SOX2amp->-FBXW7,SOX2amp->-TP53,TP53->-FBXW7,TP53->-SOX2amp,g->-FBXW7,g->-SOX2amp,g->-TP53];[50, 70];[50, 70];2;0.02247191011235955;0.009238706718642513;5.091542518395814e-05;0.013233203393717037;1.8545574879637223;0.12857142857142856;0.01451310861423221;2.608221464742106e-05;0.00795880149812734;1.5583874449479589;0.2916666666666667;
[TP53->-PLXNB2,g->-TP53,g->-PLXNB2];[24, 49];[5, 24, 49];2;0.02247191011235955;0.0067915106117353305;6.060838433855308e-05;0.01568039950062422;2.014145172728833;0.10469135802469134;0.008988764044943821;7.294252970303975e-05;0.013483146067415729;1.5787044347526522;0.17333333333333334;
[CDKN2A->-EGFR,EGFR->-CDKN2A,g->-CDKN2A,g->-EGFR];[2, 18];[2, 18];2;0.02247191011235955;0.012640449438202247;5.32603206665825e-05;0.009831460674157303;1.3471506281091268;0.28125;0.016853932584269662;3.156167150612296e-05;0.0056179775280898875;1.0;0.5;
[KRAS->-MYCamp,KRAS->-STK11,MYCamp->-KRAS,MYCamp->-STK11,STK11->-KRAS,STK11->-MYCamp,g->-KRAS,g->-MYCamp,g->-STK11];[40, 43];[40, 43];2;0.02247191011235955;0.006710362047440699;5.140948190542097e-05;0.015761548064918852;2.198250887302083;0.08333333333333333;0.02247191011235955;2.012148179796317e-12;0.0;0.0;1.0;
[CDKN2A->-SOX2amp,CDKN2A->-TP53,SOX2amp->-CDKN2A,SOX2amp->-TP53,TP53->-CDKN2A,TP53->-SOX2amp,g->-CDKN2A,g->-SOX2amp,g->-TP53];[50, 54];[50, 54];2;0.02247191011235955;0.005480649188514357;4.627159246946311e-05;0.016991260923845192;2.497861682739601;0.058333333333333334;0.008895131086142323;5.764388615354402e-05;0.013576779026217227;1.7882166063368012;0.14583333333333334;
[APC->-MYCamp,MYCamp->-APC,g->-APC,g->-MYCamp];[40, 41];[40, 41];2;0.02247191011235955;0.018057784911717497;3.9130031510142246e-05;0.004414125200642053;0.7056503290095424;0.6428571428571428;0.02247191011235955;2.012148179796317e-12;0.0;0.0;1.0;
[FBXW7->-KRAS,FBXW7->-TP53,KRAS->-FBXW7,KRAS->-TP53,TP53->-FBXW7,TP53->-KRAS,g->-FBXW7,g->-KRAS,g->-TP53];[27, 44];[27, 44];2;0.02247191011235955;0.008399500624219725;5.0757427123710846e-05;0.014072409488139825;1.9752345074831597;0.10666666666666667;0.015730337078651683;3.029920464587805e-05;0.006741573033707867;1.2247448713915894;0.39999999999999997;
[TP53->-CYLD,TP53->-CDKN2A,CDKN2A->-CYLD,CDKN2A->-TP53,g->-TP53,g->-CYLD,g->-CDKN2A];[50, 68];[50, 68];2;0.02247191011235955;0.002478568456096546;2.4698296223907938e-05;0.019993341656263004;4.023017205351529;0.011851851851851851;0.0038701622971285894;3.598809852229033e-05;0.01860174781523096;3.100803902526393;0.029629629629629634;
[KRAS->-TSC2,TSC2->-KRAS,g->-KRAS,g->-TSC2];[27, 48];[27, 48];2;0.02247191011235955;0.018352059925093634;3.7733731711764786e-05;0.004119850187265916;0.6706818369346613;0.6666666666666667;0.02247191011235955;2.012148179796317e-12;0.0;0.0;1.0;
[KEAP1->-STK11,STK11->-KEAP1,g->-KEAP1,g->-STK11];[7, 81];[7, 81];2;0.02247191011235955;0.01373283395755306;5.9226840357169016e-05;0.00873907615480649;1.1355499479153377;0.37037037037037035;0.018726591760299626;2.8054819116553746e-05;0.003745318352059924;0.7071067811865474;0.6666666666666667;
[KEAP1->-MYCamp,MYCamp->-KEAP1,g->-KEAP1,g->-MYCamp];[7, 15];[7, 15];2;0.02247191011235955;0.012484394506866418;6.234404248123054e-05;0.009987515605493132;1.2649110640673515;0.308641975308642;0.014981273408239702;5.610963823310749e-05;0.007490636704119848;0.9999999999999997;0.44444444444444453;
[KEAP1->-MGA,KEAP1->-TP53,MGA->-KEAP1,MGA->-TP53,TP53->-KEAP1,TP53->-MGA,g->-KEAP1,g->-MGA,g->-TP53];[17, 45];[17, 45];2;0.02247191011235955;0.007538262357238637;5.23130423337065e-05;0.014933647755120913;2.064718810450711;0.09679012345679013;0.010767790262172287;5.4137033763974804e-05;0.011704119850187263;1.5907119074394442;0.19444444444444448;
[EGFRamp->-MYCamp,EGFRamp->-TP53,MYCamp->-EGFRamp,MYCamp->-TP53,TP53->-MYCamp,TP53->-EGFRamp,g->-EGFRamp,g->-MYCamp,g->-TP53];[41, 59];[41, 59];2;0.02247191011235955;0.01312135341027797;6.114312121311022e-05;0.00935055670208158;1.1958140886176976;0.34013605442176875;0.02247191011235955;2.012148179796317e-12;0.0;0.0;1.0;
[ARID2->-KEAP1,ARID2->-TP53,KEAP1->-ARID2,KEAP1->-TP53,TP53->-ARID2,TP53->-KEAP1,g->-ARID2,g->-KEAP1,g->-TP53];[15, 17];[15, 17];2;0.02247191011235955;0.005480649188514357;4.627159246946311e-05;0.016991260923845192;2.497861682739601;0.058333333333333334;0.008895131086142323;5.764388615354402e-05;0.013576779026217227;1.7882166063368012;0.14583333333333334;
[CDKN2A->-PRF1,CDKN2A->-NF1,PRF1->-CDKN2A,PRF1->-NF1,g->-CDKN2A,g->-PRF1,g->-NF1];[28, 50];[28, 50];2;0.02247191011235955;0.0025168539325842697;2.5047342507259187e-05;0.01995505617977528;3.9872377049944023;0.012288;0.004244694132334582;3.865330633836294e-05;0.01822721598002497;2.931750550494121;0.035555555555555556;
[TP53->-TERTamp,g->-TP53,g->-TERTamp];[8, 55];[4, 5, 8, 14, 50, 53, 55];2;0.02247191011235955;0.01346306593798568;0.00012319275997927704;0.00900884417437387;0.8116643708757435;0.3429601353236607;0.015618869270554663;0.00013803923262881068;0.006853040841804887;0.5832866705359239;0.4201901792463017;
[MYCamp->-SOX2amp,MYCamp->-PIK3CAamp,MYCamp->-TP53,SOX2amp->-MYCamp,SOX2amp->-PIK3CAamp,SOX2amp->-TP53,PIK3CAamp->-MYCamp,PIK3CAamp->-TP53,PIK3CAamp->-SOX2amp,TP53->-MYCamp,TP53->-PIK3CAamp,TP53->-SOX2amp,g->-MYCamp,g->-SOX2amp,g->-PIK3CAamp,g->-TP53];[59, 70];[59, 70];2;0.02247191011235955;0.007052045002056467;5.404286465377379e-05;0.015419865110303084;2.097545516757599;0.09718172983479106;0.02247191011235955;2.012148179796317e-12;0.0;0.0;1.0;
[CMTR2->-KRAS,KRAS->-CMTR2,g->-CMTR2,g->-KRAS];[16, 36];[16, 36];2;0.02247191011235955;0.016853932584269662;4.734250725918445e-05;0.0056179775280898875;0.816496580927726;0.5625;0.02247191011235955;2.012148179796317e-12;0.0;0.0;1.0;
[MYCamp->-NFE2L2,NFE2L2->-MYCamp,g->-MYCamp,g->-NFE2L2];[59, 60];[59, 60];2;0.02247191011235955;0.017131363573311142;4.4473045736032135e-05;0.005340546539048408;0.8008243454301567;0.5761316872427984;0.019975031210986267;2.182041486843069e-05;0.0024968789013732826;0.5345224838248486;0.7777777777777778;
[CDKN2A->-FGFR1amp,FGFR1amp->-CDKN2A,g->-CDKN2A,g->-FGFR1amp];[28, 60];[28, 60];2;0.02247191011235955;0.013161326120127617;5.84499566198992e-05;0.009310583992231933;1.2178248332320047;0.33185185185185184;0.015480649188514358;5.2119619514308736e-05;0.006991260923845192;0.9684002494125044;0.4666666666666667;
[TP53->-WRN,WRN->-TP53,g->-TP53,g->-WRN];[0, 53];[0, 20, 53];2;0.02247191011235955;0.012622136869729165;7.364580134379306e-05;0.009849773242630385;1.1477630421785396;0.28954081632653056;0.014633493846976993;7.412412425307624e-05;0.007838416265382557;0.9104341417382862;0.3761904761904762;
[TP53->-MLH1,g->-TP53,g->-MLH1];[51, 52];[51, 52];2;0.02247191011235955;0.005271188791788043;4.529564074099281e-05;0.01720072132057151;2.5557505086963763;0.05486968449931412;0.00686641697877653;5.338208637455365e-05;0.015605493133583021;2.1358941442919024;0.09259259259259259;
[TP53->-NF1,g->-TP53,g->-NF1];[0, 50];[0, 27, 45, 50, 77];2;0.02247191011235955;0.0069042664922814734;5.9360239133211816e-05;0.015567643620078076;2.0205753946126097;0.103668430335097;0.007865168539325841;6.454166997869392e-05;0.014606741573033709;1.8181648042057008;0.1316872427983539;
[NF1->-NOTCH2,NOTCH2->-NF1,g->-NF1,g->-NOTCH2];[45, 83];[45, 83];2;0.02247191011235955;0.017982572289688394;3.7372394203433304e-05;0.004489337822671156;0.7343563029002872;0.6285072951739618;0.019975031210986267;2.182041486843069e-05;0.0024968789013732826;0.5345224838248486;0.7777777777777778;
[CDKN2A->-DICER1,DICER1->-CDKN2A,g->-CDKN2A,g->-DICER1];[60, 84];[60, 84];2;0.02247191011235955;0.01739888631274399;4.2397561668736065e-05;0.005073023799615561;0.7791058395800488;0.5925925925925926;0.019975031210986267;2.182041486843069e-05;0.0024968789013732826;0.5345224838248486;0.7777777777777778;
[COL2A1->-NCOA6,NCOA6->-COL2A1,g->-COL2A1,g->-NCOA6];[75, 83];[75, 83];2;0.02247191011235955;0.019203268641470886;3.0633080179165956e-05;0.003268641470888664;0.5905707764204501;0.7272727272727273;0.02247191011235955;2.012148179796317e-12;0.0;0.0;1.0;
[CDKN2A->-COL2A1,COL2A1->-CDKN2A,g->-CDKN2A,g->-COL2A1];[75, 84];[75, 84];2;0.02247191011235955;0.018619582664526485;3.565824764446872e-05;0.003852327447833065;0.6451239966845643;0.6857142857142857;0.02247191011235955;2.012148179796317e-12;0.0;0.0;1.0;
[KMT2D->-NOTCH2,NOTCH2->-KMT2D,g->-KMT2D,g->-NOTCH2];[45, 60];[45, 60];2;0.02247191011235955;0.015536135386322652;5.3877567576372084e-05;0.006935774726036898;0.9449111825230679;0.47797591830513636;0.017478152309612985;4.364082973686138e-05;0.004993757802746565;0.7559289460184543;0.6049382716049383;
[NF1->-RASA1,RASA1->-NF1,g->-NF1,g->-RASA1];[77, 83];[77, 83];2;0.02247191011235955;0.017705141300646918;3.848842953180101e-05;0.004766768811712632;0.7683498199278325;0.606060606060606;0.02247191011235955;2.012148179796317e-12;0.0;0.0;1.0;
[ARID2->-COL2A1,COL2A1->-ARID2,g->-ARID2,g->-COL2A1];[17, 83];[17, 83];2;0.02247191011235955;0.015158324821246169;4.154079385168206e-05;0.007313585291113381;1.1347310392449022;0.39999999999999997;0.016729088639201;3.154608549550266e-05;0.005742821473158549;1.0224747162910897;0.48888888888888893;
[FGFR1amp->-KMT2D,KMT2D->-FGFR1amp,g->-FGFR1amp,g->-KMT2D];[60, 69];[60, 69];2;0.02247191011235955;0.01759952836731863;4.0747015072114836e-05;0.00487238174504092;0.763296739791773;0.6049382716049383;0.019975031210986267;2.182041486843069e-05;0.0024968789013732826;0.5345224838248486;0.7777777777777778;
[CDKN2A->-COL5A2,CDKN2A->-TP53,COL5A2->-CDKN2A,COL5A2->-TP53,TP53->-COL5A2,TP53->-CDKN2A,g->-CDKN2A,g->-COL5A2,g->-TP53];[82, 84];[53, 82, 84];2;0.02247191011235955;0.017729850601289204;9.168574216828476e-05;0.004742059511070346;0.495240436262866;0.5400988520408163;0.02949438202247191;2.958906703699028e-05;-0.007022471910112359;-1.2909944487358056;1.0;
[KRAS->-KMT2D,g->-KRAS,g->-KMT2D];[20, 35];[20, 35, 45];2;0.02247191011235955;0.006727701484255792;5.8579828496542045e-05;0.01574420862810376;2.0570591889083167;0.09953703703703703;0.010237203495630462;7.054228406751235e-05;0.012234706616729088;1.4566955746993442;0.20555555555555555;
[CBLB->-TP53,TP53->-CBLB,g->-CBLB,g->-TP53];[14, 85];[14, 57, 85];2;0.02247191011235955;0.018000936329588015;7.969267260727461e-05;0.004470973782771535;0.500832988979215;0.5479166666666667;0.021749598715890852;6.169984721574528e-05;0.0007223113964686979;0.0919564978373971;0.7214285714285714;
[BRAF->-TERTamp,TERTamp->-BRAF,g->-BRAF,g->-TERTamp];[4, 38];[4, 8, 38];2;0.02247191011235955;0.020611990114397818;8.919794032966397e-05;0.0018599199979617322;0.19693225365366238;0.6651549508692366;0.02675227394328518;5.381944891747045e-05;-0.004280363830925629;-0.5834599659915783;0.9047619047619049;
[CDKN2A->-PIK3CA,PIK3CA->-CDKN2A,g->-CDKN2A,g->-PIK3CA];[2, 50];[2, 50];2;0.02247191011235955;0.009157303370786516;6.069625047342508e-05;0.013314606741573034;1.7090210504743903;0.165;0.011111111111111112;6.310775700162561e-05;0.011360799001248438;1.430103613300969;0.24444444444444446;
