edges_traj;traj_occ_list;traj_alt_occ_list;traj_supp;traj_freq;traj_exp_ind;traj_var_ind;t_stat_ind;t_stat_norm_ind;pval_ind;traj_exp_perm;traj_var_perm;t_stat_perm;t_stat_norm_perm;pval_perm;traj_exp_topol;traj_var_topol;t_stat_topol;t_stat_norm_topol;pval_topol
[DNMT3A->-NPM1,g->-DNMT3A,g->-NPM1];[9, 11, 20, 23, 30, 38, 41, 47, 48, 49, 51, 58, 72, 88, 102, 108, 117];[9, 11, 20, 21, 23, 30, 38, 41, 47, 48, 49, 51, 58, 72, 88, 102, 108, 117];17;0.14166666666666666;0.05025694444444444;0.0002745482735339507;0.09140972222222223;5.516746532116829;8.140039443969727e-08;0.06714285714285714;0.00030120622323003275;0.07452380952380952;4.294010250696048;9.240044487847223e-06;
[DNMT3A->-FLT3,g->-DNMT3A,g->-FLT3];[1, 9, 30, 45, 47, 48, 49, 53, 72, 85, 88, 96, 102];[1, 9, 11, 30, 45, 47, 48, 49, 53, 72, 85, 88, 96, 102, 108];13;0.10833333333333334;0.04247916666666667;0.00023057161458333333;0.06585416666666666;4.3369092847690505;3.488767204284669e-05;0.05603174603174603;0.0002529809145880574;0.05230158730158731;3.288296652189457;0.0009558945105820107;
[NPM1->-FLT3,g->-NPM1,g->-FLT3];[8, 9, 33, 47, 49, 52, 59, 61, 72, 73, 82, 83, 102];[0, 2, 8, 9, 11, 30, 33, 47, 48, 49, 52, 59, 61, 68, 70, 71, 72, 73, 82, 83, 88, 102, 108];13;0.10833333333333334;0.057696192365835224;0.0003287671109148445;0.050637140967498113;2.7927045609633354;0.006859022439973775;0.08011904761904762;0.0003741441484001007;0.02821428571428572;1.4586449115310012;0.10732029484484347;
[NPM1->-FLT3,DNMT3A->-FLT3,DNMT3A->-NPM1,g->-NPM1,g->-FLT3,g->-DNMT3A];[9, 47, 49, 72, 102];[9, 11, 30, 47, 48, 49, 72, 88, 102, 108];5;0.041666666666666664;0.004289583333333334;3.352218967013889e-05;0.03737708333333333;6.455638743100563;5.834051496997071e-05;0.009553571428571429;6.852865567523305e-05;0.03211309523809523;3.879234746426386;0.0024883451251442503;
[g->-FLT3,g->-NRAS];[4, 5, 9, 47, 52, 57, 59, 61, 72, 74, 96, 101, 116];[4, 5, 9, 47, 52, 56, 57, 59, 61, 70, 72, 74, 96, 101, 116];13;0.10833333333333334;0.044681027966742254;0.00020140268700912802;0.06365230536659108;4.485196839039099;7.783269557823128e-06;0.0705952380952381;0.0001235276518014613;0.03773809523809524;3.395454250496198;0.0011602418745275886;
[g->-KRAS,g->-NRAS];[35, 43, 47, 55, 59, 62, 66, 87, 89, 94, 101, 116];[35, 43, 47, 55, 59, 62, 66, 87, 89, 90, 94, 101, 116];12;0.1;0.04067365835222978;0.00018373312544027438;0.059326341647770224;4.376771129616653;7.392475357489932e-06;0.05773809523809524;0.0001538155076845553;0.042261904761904764;3.40760310550406;0.0003537414965986394;
[DNMT3A->-NRAS,g->-DNMT3A,g->-NRAS];[9, 12, 13, 22, 41, 47, 51, 58, 72, 84, 96, 117];[9, 12, 13, 22, 38, 41, 47, 51, 58, 72, 84, 96, 117];12;0.1;0.03609027777777778;0.00019959167631172843;0.06390972222222223;4.523720011191014;1.6010602315266924e-05;0.04908730158730159;0.00022018770471151424;0.050912698412698416;3.4310700387958035;0.0005137125651041666;
[DNMT3A->-NRAS,DNMT3A->-FLT3,g->-DNMT3A,g->-NRAS,g->-FLT3];[9, 47, 72, 96];[9, 47, 72, 96];4;0.03333333333333333;0.0023624999999999996;1.8233697916666665e-05;0.030970833333333333;7.252963858443695;2.34375e-05;0.005238095238095237;3.638510959939531e-05;0.028095238095238097;4.657693144375419;0.000529100529100529;
[IDH2->-SRSF2,g->-IDH2,g->-SRSF2];[6, 7, 15, 16, 23, 62, 78, 80, 84, 90, 113, 119];[6, 7, 15, 16, 23, 50, 54, 62, 78, 80, 84, 90, 113, 119];12;0.1;0.04147789115646259;0.00022238795129729896;0.05852210884353742;3.924319338472874;0.00016558277363679842;0.05732142857142857;0.00024252763605442178;0.042678571428571434;2.740496533786952;0.005360630580357143;
[NPM1->-NRAS,g->-NPM1,g->-NRAS];[35, 41, 42, 47, 51, 52, 59, 61, 72, 81, 94];[9, 35, 38, 41, 42, 47, 51, 52, 58, 59, 61, 70, 72, 81, 94, 95, 110, 117];11;0.09166666666666666;0.04127933673469387;0.000239582493899629;0.05038732993197279;3.2553208862857357;0.002321773348119474;0.05597222222222222;0.00027007078294280675;0.03569444444444444;2.172010023710725;0.02871691943493603;
[NPM1->-NRAS,NPM1->-FLT3,g->-NPM1,g->-NRAS,g->-FLT3];[47, 52, 59, 61, 72];[9, 47, 52, 59, 61, 70, 72];5;0.041666666666666664;0.003794181243926142;2.912535375545644e-05;0.03787248542274052;7.017593417102667;1.3137026239067058e-05;0.007936507936507934;5.5029604434366346e-05;0.03373015873015873;4.546950113736168;0.0004661123708742755;
[NPM1->-NRAS,DNMT3A->-NRAS,DNMT3A->-NPM1,g->-NPM1,g->-NRAS,g->-DNMT3A];[41, 47, 51, 72];[9, 38, 41, 47, 51, 58, 72, 117];4;0.03333333333333333;0.002606442901234568;2.0807645942584495e-05;0.030726890432098766;6.736078460245757;0.0001360562859694209;0.00865079365079365;6.143471277399847e-05;0.02468253968253968;3.149074446672512;0.011720855072996274;
[NPM1->-NRAS,NPM1->-FLT3,DNMT3A->-NRAS,DNMT3A->-FLT3,DNMT3A->-NPM1,g->-NPM1,g->-NRAS,g->-DNMT3A,g->-FLT3];[47, 72];[9, 47, 72];2;0.016666666666666666;0.00017765624999999997;1.4687705593532983e-06;0.016489010416666665;13.605597314552632;0.00014243164062499998;0.0011904761904761904;9.25847190728143e-06;0.015476190476190477;5.086211431917094;0.005357142857142856;
[FLT3->-NPM1,g->-FLT3,g->-NPM1];[0, 2, 11, 48, 68, 70, 71, 88, 108];[0, 2, 8, 9, 11, 30, 33, 47, 48, 49, 52, 59, 61, 68, 70, 71, 72, 73, 82, 83, 88, 102, 108];9;0.075;0.057696192365835224;0.0003287671109148445;0.017303807634164774;0.9543276255067716;0.23026275314733635;0.08011904761904762;0.0003741441484001007;-0.00511904761904762;-0.2646486548347386;0.6811217202939875;
[FLT3->-NPM1,DNMT3A->-FLT3,DNMT3A->-NPM1,g->-FLT3,g->-NPM1,g->-DNMT3A];[48, 88];[9, 11, 30, 47, 48, 49, 72, 88, 102, 108];2;0.016666666666666666;0.004289583333333334;3.352218967013889e-05;0.012377083333333334;2.1377264239875395;0.08956218558148377;0.009553571428571429;6.852865567523305e-05;0.007113095238095238;0.8592558891528326;0.3211820679122915;
[IDH2->-NPM1,g->-IDH2,g->-NPM1];[9, 15, 16, 23, 34, 61, 73, 83];[9, 15, 16, 23, 34, 49, 51, 59, 61, 73, 81, 83];8;0.06666666666666667;0.029652210884353738;0.00017034037587540683;0.037014455782312924;2.8360414096655435;0.008094051279196303;0.03984126984126984;0.00019061791383219952;0.02682539682539683;1.942961965106916;0.05135094836545729;
[g->-NRAS,g->-PTPN11];[9, 35, 52, 56, 59, 62, 81, 94];[9, 35, 52, 56, 59, 62, 81, 86, 94];8;0.06666666666666667;0.025020880574452002;0.00012097963178458165;0.041645786092214664;3.786299245591417;0.0001995968346522282;0.031785714285714285;0.00012184586797682035;0.03488095238095238;3.159969794301144;0.0012128279883381924;
[NPM1->-PTPN11,g->-NPM1,g->-PTPN11];[33, 35, 52, 59, 81, 82, 94];[9, 33, 35, 52, 59, 67, 81, 82, 92, 94, 102];7;0.058333333333333334;0.022149896069538925;0.00013595003486889106;0.03618343726379441;3.103274257538972;0.0054457132918792495;0.03123015873015873;0.00016087254346182917;0.027103174603174605;2.1368753967544754;0.03791621787603931;
[NPM1->-PTPN11,NPM1->-NRAS,g->-NPM1,g->-PTPN11,g->-NRAS];[35, 52, 59, 81, 94];[9, 35, 52, 59, 81, 94];5;0.041666666666666664;0.0042004312439261424;3.199850913740089e-05;0.037466235422740524;6.623311573277253;2.233049562682216e-05;0.00863095238095238;5.840537603930461e-05;0.033035714285714286;4.322721828738773;0.0006598639455782312;
[TET2->-NPM1,g->-TET2,g->-NPM1];[9, 20, 24, 26, 100, 108, 110];[9, 20, 24, 26, 100, 108, 110];7;0.058333333333333334;0.01993268140589569;0.00010823363036990117;0.03840065192743765;3.691114220705747;0.0005048894557823128;0.027579365079365082;0.00011995307382212144;0.030753968253968252;2.807989445485855;0.00504889455782313;
[DNMT3A->-IDH2,g->-DNMT3A,g->-IDH2];[9, 25, 49, 51, 78, 103, 119];[7, 9, 23, 25, 37, 49, 51, 78, 84, 103, 119];7;0.058333333333333334;0.02865509259259259;0.000159923670053155;0.029678240740740745;2.346830801063111;0.025275735636895568;0.0401984126984127;0.00018010282816830435;0.018134920634920636;1.3513112518146435;0.14875325520833332;
[ASXL1->-SRSF2,g->-ASXL1,g->-SRSF2];[50, 75, 80, 86, 111, 113];[28, 50, 75, 76, 80, 86, 111, 113];6;0.05;0.023703703703703706;0.00012624528463648832;0.026296296296296297;2.3403833599955615;0.0268341064453125;0.03277777777777778;0.00013858024691358026;0.017222222222222222;1.4629804523673269;0.13359374999999998;
[g->-FLT3,g->-KRAS];[8, 30, 47, 59, 101, 116];[8, 30, 47, 59, 88, 101, 116];6;0.05;0.019037509448223734;8.66944179762062e-05;0.03096249055177627;3.3253726413347118;0.001768707482993197;0.02571428571428571;7.918556311413454e-05;0.024285714285714292;2.729152956884053;0.010317460317460317;
[g->-FLT3,g->-KRAS,g->-NRAS];[47, 59, 101, 116];[47, 59, 101, 116];4;0.03333333333333333;0.004782372988878091;3.259345188611055e-05;0.028550960344455242;5.0009848843978055;0.00020991253644314867;0.014107142857142856;3.4917091836734694e-05;0.019226190476190477;3.253675282076772;0.00857142857142857;
[NPM1->-KRAS,g->-NPM1,g->-KRAS];[8, 35, 47, 59, 88, 94];[8, 30, 35, 47, 59, 88, 94];6;0.05;0.013649896069538927;8.469916681333553e-05;0.03635010393046108;3.949717987472963;0.0007556122448979591;0.017976190476190475;9.886385109599395e-05;0.032023809523809524;3.220729358212699;0.0035383597883597885;
[NPM1->-KRAS,NPM1->-NRAS,g->-NPM1,g->-KRAS,g->-NRAS];[35, 47, 59, 94];[35, 47, 59, 94];4;0.03333333333333333;0.0030129312439261414;2.2818387609623106e-05;0.030320402089407193;6.347350486988335;6.54927113702624e-05;0.006448412698412698;4.2776439279415474e-05;0.026884920634920637;4.110611598225294;0.0012380952380952378;
[NPM1->-KRAS,NPM1->-FLT3,g->-NPM1,g->-KRAS,g->-FLT3];[8, 47, 59];[8, 30, 47, 59, 88];3;0.025;0.002569798527876759;1.9723659701577458e-05;0.022430201472123244;5.050558711726513;0.0016881546269301372;0.006865079365079365;4.3721655328798195e-05;0.018134920634920636;2.742630877661138;0.026243386243386242;
[NPM1->-KRAS,NPM1->-NRAS,NPM1->-FLT3,g->-NPM1,g->-KRAS,g->-FLT3,g->-NRAS];[47, 59];[47, 59];2;0.016666666666666666;0.0004098958767180341;3.3277510234496098e-06;0.01625677078994863;8.91166535230443;0.0005757600999583507;0.0015476190476190477;1.1692176870748298e-05;0.015119047619047619;4.421572461274725;0.00857142857142857;
[IDH2->-NRAS,g->-IDH2,g->-NRAS];[59, 61, 62, 84, 90, 97];[9, 51, 59, 61, 62, 81, 84, 87, 90, 97];6;0.05;0.025463435374149655;0.00014256947300603915;0.024536564625850348;2.054946335100132;0.04827795931598834;0.03244047619047619;0.00015567641408415219;0.01755952380952381;1.407347430705439;0.14127348558471012;
[IDH1->-NPM1,g->-IDH1,g->-NPM1];[27, 36, 49, 82, 102];[21, 27, 36, 49, 59, 81, 82, 102];5;0.041666666666666664;0.018054988662131517;0.00010677218528898712;0.023611678004535147;2.285060938058617;0.035815078656462586;0.02505952380952381;0.00012307295603426556;0.016607142857142855;1.4969717533166444;0.13101624503968257;
[NRAS->-NPM1,g->-NRAS,g->-NPM1];[38, 58, 70, 110, 117];[9, 35, 38, 41, 42, 47, 51, 52, 58, 59, 61, 70, 72, 81, 94, 95, 110, 117];5;0.041666666666666664;0.04127933673469387;0.000239582493899629;0.0003873299319727963;0.025023814898248772;0.5821719612863508;0.05597222222222222;0.00027007078294280675;-0.014305555555555557;-0.8704942896583843;0.8711496175266594;
[NRAS->-NPM1,DNMT3A->-NRAS,DNMT3A->-NPM1,g->-NRAS,g->-NPM1,g->-DNMT3A];[58, 117];[9, 38, 41, 47, 51, 58, 72, 117];2;0.016666666666666666;0.002606442901234568;2.0807645942584495e-05;0.014060223765432098;3.0823415295425822;0.03630011604798322;0.00865079365079365;6.143471277399847e-05;0.008015873015873016;1.0226897720704944;0.2784144666740153;
[FLT3->-WT1,g->-FLT3,g->-WT1];[0, 3, 11, 40, 45];[0, 3, 11, 17, 40, 45, 52, 64, 65, 68, 107];5;0.041666666666666664;0.028037037037037037;0.00015616002229080936;0.013629629629629627;1.0906844549177053;0.21963093278463652;0.0401388888888889;0.00017683256172839509;0.0015277777777777668;0.11488916405585742;0.574921875;
[ASXL1->-RUNX1,g->-ASXL1,g->-RUNX1];[46, 50, 63, 104, 111];[19, 39, 46, 50, 63, 76, 104, 111];5;0.041666666666666664;0.023953703703703703;0.000127224451303155;0.01771296296296296;1.57038421521397;0.11648882378472222;0.03152777777777778;0.00013701774691358024;0.010138888888888885;0.866167636645022;0.3048177083333334;
[IDH2->-FLT3,g->-IDH2,g->-FLT3];[9, 61, 73, 80, 83];[9, 49, 59, 61, 73, 80, 83, 104];5;0.041666666666666664;0.01974248866213152;0.00011395404292787598;0.021924178004535146;2.053801423449186;0.05332192382812499;0.025674603174603173;0.00012672902494331064;0.01599206349206349;1.4205824944802916;0.14658713919595615;
[IDH2->-FLT3,IDH2->-NPM1,NPM1->-FLT3,g->-IDH2,g->-FLT3,g->-NPM1];[9, 61, 73, 83];[9, 49, 59, 61, 73, 83];4;0.03333333333333333;0.0015353578402260376;1.2337695045182804e-05;0.0317979754931073;9.052790177822672;9.98958533686292e-06;0.004007936507936508;2.983670319979844e-05;0.029325396825396824;5.368691890868671;0.0003630742420424959;
[DNMT3A->-RUNX1,g->-DNMT3A,g->-RUNX1];[1, 29, 32, 53, 119];[1, 13, 29, 32, 53, 76, 79, 119];5;0.041666666666666664;0.02459722222222222;0.0001290256558641975;0.017069444444444443;1.5027313569768694;0.12905624999999998;0.03291666666666667;0.00013871527777777778;0.008749999999999994;0.7429265945610858;0.34960937500000006;
[WT1->-NPM1,g->-WT1,g->-NPM1];[0, 11, 34, 42, 68];[0, 11, 34, 42, 52, 68, 94];5;0.041666666666666664;0.01589583333333333;9.220905671296296e-05;0.025770833333333333;2.6837476219545584;0.016259259259259258;0.022083333333333337;0.00010468750000000002;0.019583333333333328;1.9139879615821145;0.06625000000000002;
[WT1->-NPM1,FLT3->-WT1,FLT3->-NPM1,g->-WT1,g->-NPM1,g->-FLT3];[0, 11];[0, 11, 52, 68];2;0.016666666666666666;0.0012839506172839508;1.006462429507697e-05;0.015382716049382716;4.848799649689233;0.007078189300411522;0.004166666666666667;2.8935185185185186e-05;0.0125;2.32379000772445;0.07407407407407407;
[DNMT3A->-SRSF2,g->-DNMT3A,g->-SRSF2];[7, 23, 78, 84, 119];[7, 23, 76, 78, 84, 119];5;0.041666666666666664;0.01813888888888889;9.608294753086419e-05;0.023527777777777776;2.4002570327643142;0.026125;0.024583333333333336;0.00010399305555555556;0.01708333333333333;1.675214585213145;0.1015625;
[DNMT3A->-SRSF2,DNMT3A->-IDH2,IDH2->-SRSF2,g->-DNMT3A,g->-SRSF2,g->-IDH2];[78, 119];[7, 23, 78, 84, 119];2;0.016666666666666666;0.002125617283950617;1.6762645128410304e-05;0.01454104938271605;3.551603488402371;0.023227880658436218;0.006527777777777777;4.573688271604939e-05;0.010138888888888888;1.4991914030326596;0.17695473251028807;
[U2AF1->-NRAS,g->-U2AF1,g->-NRAS];[12, 13, 87, 96, 97];[12, 13, 87, 96, 97];5;0.041666666666666664;0.013312500000000001;7.308116319444444e-05;0.028354166666666663;3.316760878537861;0.0026367187499999997;0.017638888888888888;8.00733024691358e-05;0.024027777777777776;2.6851573254995116;0.010416666666666668;
[SF3B1->-FLT3,g->-SF3B1,g->-FLT3];[1, 3, 53, 93, 108];[1, 3, 53, 93, 108];5;0.041666666666666664;0.014875000000000001;7.863020833333333e-05;0.026791666666666665;3.021377690041229;0.005399999999999999;0.02041666666666667;8.663194444444445e-05;0.021249999999999995;2.2830735532828097;0.028125;
[g->-FLT3,g->-PTPN11];[33, 52, 56, 59, 82];[3, 9, 33, 52, 56, 59, 82, 102];5;0.041666666666666664;0.017768990929705217;8.950631783903197e-05;0.023897675736961447;2.5259736645557984;0.020396573444192493;0.023095238095238096;9.397518266565886e-05;0.01857142857142857;1.9157495094212993;0.06615016376921137;
[NPM1->-PTPN11,NPM1->-NRAS,NPM1->-FLT3,g->-FLT3,g->-PTPN11,g->-NPM1,g->-NRAS];[52, 59];[9, 52, 59];2;0.016666666666666666;0.0005698958767180342;4.584284356782943e-06;0.01609677078994863;7.518011500334957;0.0011515201999167013;0.0023809523809523807;1.655328798185941e-05;0.014285714285714285;3.5112344158839166;0.01714285714285714;
[NPM1->-PTPN11,NPM1->-FLT3,g->-FLT3,g->-PTPN11,g->-NPM1];[33, 52, 59, 82];[9, 33, 52, 59, 82, 102];4;0.03333333333333333;0.0030906318612100923;2.3792670118244124e-05;0.03024270147212324;6.200104236250466;0.00013709372637944067;0.007658730158730158;4.970553036029227e-05;0.025674603174603176;3.6416766695612184;0.0037440161249685053;
[IDH1->-DNMT3A,g->-IDH1,g->-DNMT3A];[37, 76, 79, 102];[21, 37, 49, 76, 79, 102];4;0.03333333333333333;0.014266203703703706;8.020356974451303e-05;0.01906712962962963;2.129062790628318;0.05290740740740742;0.01888888888888889;9.054783950617284e-05;0.014444444444444444;1.517965134919392;0.1390625;
[RUNX1->-FLT3,g->-RUNX1,g->-FLT3];[46, 53, 65, 116];[1, 40, 46, 53, 65, 104, 116];4;0.03333333333333333;0.019034722222222224;0.00010466237461419753;0.01429861111111111;1.3976504303006698;0.16007204861111113;0.025833333333333333;0.000115625;0.0075;0.6974858324629157;0.37500000000000006;
[IDH2->-RUNX1,g->-IDH2,g->-RUNX1];[6, 39, 54, 119];[6, 39, 50, 54, 104, 119];4;0.03333333333333333;0.016791666666666663;9.257233796296295e-05;0.01654166666666667;1.7192484795992828;0.1021037037037037;0.023333333333333334;0.00010243055555555556;0.009999999999999998;0.9880643635111417;0.2821875;
[IDH2->-ASXL1,g->-IDH2,g->-ASXL1];[39, 80, 97, 113];[39, 50, 80, 97, 104, 113];4;0.03333333333333333;0.017611111111111112;9.453626543209878e-05;0.01572222222222222;1.61701746065089;0.119091796875;0.02375;0.00010260416666666667;0.009583333333333333;0.946093580258186;0.29687499999999994;
[IDH2->-ASXL1,IDH2->-SRSF2,ASXL1->-SRSF2,g->-IDH2,g->-ASXL1,g->-SRSF2];[80, 113];[50, 80, 113];2;0.016666666666666666;0.0015625;1.220703125e-05;0.015104166666666667;4.323064756499593;0.01123046875;0.004166666666666667;2.8935185185185186e-05;0.0125;2.32379000772445;0.07407407407407407;
[WT1->-FLT3,g->-WT1,g->-FLT3];[17, 64, 65, 68];[0, 3, 11, 17, 40, 45, 52, 64, 65, 68, 107];4;0.03333333333333333;0.028037037037037037;0.00015616002229080936;0.0052962962962962955;0.4238257528620431;0.4484026886145406;0.0401388888888889;0.00017683256172839509;-0.006805555555555565;-0.511779003521551;0.794140625;
[SF3B1->-NPM1,g->-SF3B1,g->-NPM1];[27, 31, 108, 110];[27, 31, 108, 110];4;0.03333333333333333;0.011425736961451246;6.16057850766913e-05;0.02190759637188209;2.7911551799053864;0.01292517006802721;0.01626984126984127;6.928697404887881e-05;0.017063492063492062;2.049944566878023;0.05654761904761905;
[TET2->-DNMT3A,g->-TET2,g->-DNMT3A];[9, 12, 20, 108];[9, 12, 20, 32, 108];4;0.03333333333333333;0.0153125;8.041449652777778e-05;0.018020833333333333;2.009591089916278;0.0639404296875;0.019642857142857142;8.538832199546485e-05;0.01369047619047619;1.4815602407219108;0.1517857142857143;
[TET2->-DNMT3A,TET2->-NPM1,DNMT3A->-NPM1,g->-TET2,g->-DNMT3A,g->-NPM1];[9, 20, 108];[9, 20, 108];3;0.025;0.001578125;1.2282741970486111e-05;0.023421875;6.683038985845529;0.000234375;0.003373015873015873;2.389613252708491e-05;0.021626984126984126;4.424173523651684;0.001984126984126984;
[PTPN11->-NPM1,g->-PTPN11,g->-NPM1];[9, 67, 92, 102];[9, 33, 35, 52, 59, 67, 81, 82, 92, 94, 102];4;0.03333333333333333;0.022149896069538925;0.00013595003486889106;0.011183437263794407;0.9591480410917672;0.2615202443877551;0.03123015873015873;0.00016087254346182917;0.0021031746031746033;0.16581902785942487;0.552120429421769;
[SRSF2->-RUNX1,g->-SRSF2,g->-RUNX1];[6, 50, 54, 76];[6, 50, 54, 76, 111, 119];4;0.03333333333333333;0.018023148148148146;9.582842506858709e-05;0.015310185185185187;1.563987466753976;0.12879938271604938;0.024027777777777776;0.00010368441358024692;0.009305555555555556;0.9138724148904346;0.30770833333333336;
[g->-IDH1,g->-IDH2];[37, 49, 59, 81];[37, 49, 59, 81];4;0.03333333333333333;0.012792139077853365;6.22205882436959e-05;0.02054119425547997;2.604105850948564;0.01811156462585034;0.016547619047619047;6.305901990425799e-05;0.016785714285714286;2.113811315358692;0.049523809523809526;
[TET2->-SRSF2,g->-TET2,g->-SRSF2];[26, 111, 113, 114];[26, 111, 113, 114];4;0.03333333333333333;0.011578703703703704;6.284077074759945e-05;0.02175462962962963;2.7442959351719987;0.014444444444444444;0.015277777777777779;6.844135802469136e-05;0.018055555555555554;2.182486403087492;0.043333333333333335;
[g->-KRAS,g->-PTPN11,g->-NRAS];[35, 59, 62, 94];[35, 59, 62, 94];4;0.03333333333333333;0.004276293731778426;2.9384230375439688e-05;0.029057039601554906;5.360363053715441;6.609490943399435e-05;0.00851190476190476;4.726119614512472e-05;0.02482142857142857;3.610558771544485;0.0009795918367346938;
[NPM1->-KRAS,NPM1->-PTPN11,NPM1->-NRAS,g->-KRAS,g->-PTPN11,g->-NPM1,g->-NRAS];[35, 59, 94];[35, 59, 94];3;0.025;0.0007652083767180341;6.17374155079336e-06;0.024234791623281966;9.753602841286616;2.6988754685547684e-05;0.004464285714285714;2.9574121315192743e-05;0.02053571428571429;3.7761904391408074;0.004285714285714285;
[SRSF2->-NRAS,g->-SRSF2,g->-NRAS];[62, 84, 86, 90];[62, 84, 86, 90, 95];4;0.03333333333333333;0.012957057823129252;6.903624412137304e-05;0.02037627551020408;2.4523713072950684;0.027510662468112245;0.016765873015873015;7.439492000503905e-05;0.016567460317460318;1.9208095153705054;0.07291666666666667;
[SRSF2->-NRAS,IDH2->-NRAS,IDH2->-SRSF2,g->-SRSF2,g->-NRAS,g->-IDH2];[62, 84, 90];[62, 84, 90];3;0.025;0.0015761661807580174;1.2306493720197367e-05;0.023423833819241985;6.677145056159246;0.0002505466472303207;0.0036507936507936506;2.5803099017384736e-05;0.02134920634920635;4.202868485093289;0.00291005291005291;
[DNMT3A->-U2AF1,g->-DNMT3A,g->-U2AF1];[13, 32, 45];[12, 13, 32, 45, 96];3;0.025;0.015104166666666667;8.002387152777778e-05;0.009895833333333335;1.106222768505206;0.254608154296875;0.020138888888888887;8.63233024691358e-05;0.004861111111111115;0.5232045649263555;0.46875;
[RUNX1->-DNMT3A,g->-RUNX1,g->-DNMT3A];[13, 76, 79];[1, 13, 29, 32, 53, 76, 79, 119];3;0.025;0.02459722222222222;0.0001290256558641975;0.0004027777777777797;0.035459080026305476;0.6167847222222222;0.03291666666666667;0.00013871527777777778;-0.007916666666666669;-0.672171680793364;0.847265625;
[WT1->-NRAS,g->-WT1,g->-NRAS];[42, 44, 62];[42, 44, 52, 62, 94];3;0.025;0.010589002267573696;6.325870747013847e-05;0.014410997732426305;1.8118986143026978;0.10264489795918366;0.015238095238095238;7.395124716553288e-05;0.009761904761904763;1.1351723781413359;0.2514285714285715;
[g->-IDH2,g->-NRAS];[9, 81, 87];[9, 51, 59, 61, 62, 81, 84, 87, 90, 97];3;0.025;0.015233843537414967;7.781896648965708e-05;0.009766156462585034;1.1070849539905119;0.2527350270720533;0.018452380952380953;8.203105316200555e-05;0.006547619047619049;0.722926691422431;0.3858373825720764;
[TET2->-NRAS,g->-TET2,g->-NRAS];[9, 12, 110];[9, 12, 110];3;0.025;0.00896045918367347;4.768193283903698e-05;0.016039540816326532;2.32281705003779;0.04544005102040816;0.010912698412698412;5.0508629377677e-05;0.01408730158730159;1.9821888119854005;0.08078231292517007;
[TET2->-NRAS,TET2->-DNMT3A,DNMT3A->-NRAS,g->-TET2,g->-NRAS,g->-DNMT3A];[9, 12];[9, 12];2;0.016666666666666666;0.0009114583333333333;7.171630859375e-06;0.015755208333333333;5.883221323748414;0.0029296875;0.001984126984126984;1.4251070798689847e-05;0.014682539682539682;3.8893536510845115;0.011904761904761904;
[IDH1->-FLT3,IDH1->-NPM1,NPM1->-FLT3,g->-IDH1,g->-FLT3,g->-NPM1];[49, 82, 102];[49, 59, 82, 102];3;0.025;0.0012423408649173957;9.767107072991542e-06;0.023757659135082605;7.601874098657864;0.00011393586005830904;0.002718253968253968;1.9925910178886368e-05;0.022281746031746034;4.991604133398195;0.0011904761904761906;
[SRSF2->-FLT3,g->-SRSF2,g->-FLT3];[3, 17, 80];[3, 17, 75, 80];3;0.025;0.012027777777777778;6.398418209876543e-05;0.012972222222222224;1.6217281990410717;0.136875;0.01625;6.927083333333333e-05;0.00875;1.0513149660756937;0.29375;
[SF3B1->-RUNX1,g->-SF3B1,g->-RUNX1];[1, 29, 53];[1, 29, 53];3;0.025;0.009236111111111112;4.837480709876543e-05;0.01576388888888889;2.2664896594366732;0.05;0.0125;5.208333333333334e-05;0.0125;1.7320508075688772;0.125;
[g->-IDH2,g->-KRAS];[59, 69, 87];[59, 62, 69, 87, 90];3;0.025;0.013608843537414966;5.945264704521265e-05;0.011391156462585036;1.4773459953460166;0.1736276551436901;0.019682539682539683;4.1546989166036784e-05;0.005317460317460318;0.8249630162429024;0.43945578231292515;
[SRSF2->-NPM1,g->-SRSF2,g->-NPM1];[23, 26, 77];[15, 16, 23, 26, 77, 95];3;0.025;0.014062499999999999;7.966218171296295e-05;0.010937500000000003;1.2254397621546702;0.21715856481481483;0.021527777777777778;9.211033950617283e-05;0.0034722222222222238;0.361787302646211;0.5260416666666666;
[NPM1->-IDH2,g->-NPM1,g->-IDH2];[51, 59, 81];[9, 15, 16, 23, 34, 49, 51, 59, 61, 73, 81, 83];3;0.025;0.029652210884353738;0.00017034037587540683;-0.0046522108843537364;-0.35645161966229805;0.741606098030304;0.03984126984126984;0.00019061791383219952;-0.014841269841269836;-1.074952329807672;0.9200654852327214;
[RUNX1->-ASXL1,g->-RUNX1,g->-ASXL1];[19, 39, 76];[19, 39, 46, 50, 63, 76, 104, 111];3;0.025;0.023953703703703703;0.000127224451303155;0.0010462962962962986;0.09276184857249295;0.5946673357928242;0.03152777777777778;0.00013701774691358024;-0.006527777777777778;-0.5576695742783021;0.818515625;
[FLT3->-RUNX1,g->-FLT3,g->-RUNX1];[1, 40, 104];[1, 40, 46, 53, 65, 104, 116];3;0.025;0.019034722222222224;0.00010466237461419753;0.005965277777777778;0.5830897132725962;0.41322743055555555;0.025833333333333333;0.000115625;-0.0008333333333333318;-0.07749842582921271;0.673828125;
[g->-PTPN11,g->-WT1];[3, 52, 94];[3, 52, 62, 94, 118];3;0.025;0.011687074829931973;5.990661298533019e-05;0.013312925170068029;1.7200303411822961;0.11646390857142855;0.014523809523809522;6.267006802721088e-05;0.01047619047619048;1.3233456770982135;0.20400000000000001;
[IDH2->-DNMT3A,IDH2->-SRSF2,DNMT3A->-SRSF2,g->-IDH2,g->-DNMT3A,g->-SRSF2];[7, 23, 84];[7, 23, 78, 84, 119];3;0.025;0.002125617283950617;1.6762645128410304e-05;0.022874382716049385;5.586992747988133;0.001183213305898491;0.006527777777777777;4.573688271604939e-05;0.018472222222222223;2.731403515114298;0.029706790123456787;
[SRSF2->-PTPN11,g->-SRSF2,g->-PTPN11];[3, 62, 86];[3, 62, 86, 111];3;0.025;0.012195483749055179;6.443666957576261e-05;0.012804516250944822;1.5951320193980703;0.1421173469387755;0.01509920634920635;6.8607882968002e-05;0.009900793650793651;1.1953167351208958;0.24499999999999997;
[TET2->-TP53,g->-TET2,g->-TP53];[100, 105, 110];[100, 105, 110];3;0.025;0.007860922146636433;4.392102856091626e-05;0.01713907785336357;2.5861350511000807;0.028722600151171576;0.010714285714285713;4.999685059208869e-05;0.014285714285714289;2.02036871975873;0.07539682539682539;
[DNMT3A->-KRAS,g->-DNMT3A,g->-KRAS];[30, 47, 88];[30, 47, 88];3;0.025;0.007541666666666667;4.3296875e-05;0.017458333333333333;2.6532275938301586;0.026250000000000002;0.00986111111111111;4.859182098765432e-05;0.015138888888888891;2.1717629217227903;0.05833333333333333;
[DNMT3A->-KRAS,DNMT3A->-FLT3,g->-DNMT3A,g->-KRAS,g->-FLT3];[30, 47];[30, 47, 88];2;0.016666666666666666;0.0013208333333333334;1.0095677083333333e-05;0.015345833333333333;4.829728876053009;0.006;0.0030555555555555553;2.075617283950617e-05;0.013611111111111112;2.9875827281634932;0.033333333333333326;
[DNMT3A->-KRAS,DNMT3A->-NPM1,NPM1->-KRAS,g->-DNMT3A,g->-KRAS,g->-NPM1];[47, 88];[30, 47, 88];2;0.016666666666666666;0.0008510416666666666;6.763792317708333e-06;0.015815625;6.081227166273949;0.0028046875;0.0021527777777777773;1.5716628086419754e-05;0.014513888888888889;3.6610368972373677;0.016666666666666663;
[RUNX1->-WT1,g->-RUNX1,g->-WT1];[19, 40, 65];[19, 40, 65, 118];3;0.025;0.011013888888888887;6.114023919753086e-05;0.013986111111111114;1.7886831153096656;0.10777777777777779;0.015416666666666667;6.788194444444444e-05;0.009583333333333334;1.1631599960755996;0.25625;
[TP53->-KRAS,g->-TP53,g->-KRAS];[10, 18, 62];[10, 18, 62, 87];3;0.025;0.008561224489795917;5.151410870470638e-05;0.016438775510204083;2.2903738138087455;0.0513265306122449;0.013571428571428571;6.284013605442177e-05;0.01142857142857143;1.4416949880020777;0.1785714285714286;
[ASXL1->-NRAS,g->-ASXL1,g->-NRAS];[66, 86, 97];[63, 66, 86, 97];3;0.025;0.011226851851851852;6.0830868484224965e-05;0.013773148148148149;1.7659207532005656;0.111328125;0.015277777777777777;6.751543209876543e-05;0.009722222222222224;1.1832159566199234;0.24999999999999997;
[NRAS->-FLT3,g->-NRAS,g->-FLT3];[56, 70];[4, 5, 9, 47, 52, 56, 57, 59, 61, 70, 72, 74, 96, 101, 116];2;0.016666666666666666;0.02071008125472411;0.00012536917710140137;-0.004043414588057445;-0.3611211177765774;0.7578538841749266;0.027202380952380954;0.00014422516691861928;-0.010535714285714287;-0.8772905666779797;0.8949949966242282;
[NPM1->-SRSF2,IDH2->-NPM1,IDH2->-SRSF2,g->-NPM1,g->-SRSF2,g->-IDH2];[15, 16];[15, 16, 23];2;0.016666666666666666;0.0011381172839506173;9.022523600632525e-06;0.015528549382716049;5.169718243773697;0.005829903978052126;0.004166666666666667;2.8935185185185186e-05;0.0125;2.32379000772445;0.07407407407407407;
[IDH2->-KRAS,g->-IDH2,g->-KRAS];[62, 90];[59, 62, 69, 87, 90];2;0.016666666666666666;0.008880102040816327;5.123527161715026e-05;0.00778656462585034;1.0878308502544238;0.2868013327780092;0.010992063492063492;5.6187011841773746e-05;0.005674603174603174;0.7570377367857849;0.40136054421768713;
[WT1->-SRSF2,g->-WT1,g->-SRSF2];[17, 62];[3, 17, 62];2;0.016666666666666666;0.009186224489795919;4.841515037137304e-05;0.0074804421768707476;1.075069714659315;0.30581632653061225;0.011488095238095238;5.155541383219955e-05;0.005178571428571428;0.72122842083604;0.4392857142857143;
[NRAS->-EZH2,g->-NRAS,g->-EZH2];[63, 95];[22, 63, 95];2;0.016666666666666666;0.0059791666666666665;3.434505208333333e-05;0.010687499999999999;1.8236606955895833;0.13281250000000003;0.0077777777777777776;3.8464506172839506e-05;0.008888888888888889;1.4332349728716456;0.21666666666666665;
[NRAS->-RUNX1,g->-NRAS,g->-RUNX1];[63, 91];[13, 63, 89, 91, 116];2;0.016666666666666666;0.01082175925925926;6.301105431241426e-05;0.005844907407407406;0.7363245191503492;0.38869900173611105;0.015972222222222224;7.474922839506172e-05;0.000694444444444442;0.0803219328902496;0.6458333333333334;
[RUNX1->-IDH1,g->-RUNX1,g->-IDH1];[76, 112];[76, 79, 112];2;0.016666666666666666;0.008194444444444445;4.51195987654321e-05;0.008472222222222221;1.2612893367250424;0.25;0.01111111111111111;5.015432098765432e-05;0.005555555555555557;0.7844645405527363;0.4166666666666667;
[TET2->-KIT,g->-TET2,g->-KIT];[20, 111];[20, 111];2;0.016666666666666666;0.0061342592592592594;3.2297560871056236e-05;0.010532407407407407;1.8532874598828264;0.13541666666666666;0.0077777777777777776;3.441358024691358e-05;0.008888888888888889;1.5152439161932107;0.21666666666666665;
[IDH1->-PTPN11,g->-IDH1,g->-PTPN11];[82, 102];[59, 81, 82, 102];2;0.016666666666666666;0.009298044217687073;5.3739826106888336e-05;0.007368622448979593;1.005166894347352;0.3095510204081633;0.011726190476190475;5.953128936759889e-05;0.004940476190476191;0.6403186719439046;0.44166666666666665;
[DNMT3A->-IDH1,g->-DNMT3A,g->-IDH1];[21, 49];[21, 37, 49, 76, 79, 102];2;0.016666666666666666;0.014266203703703706;8.020356974451303e-05;0.00240046296296296;0.2680391057280033;0.5534666666666669;0.01888888888888889;9.054783950617284e-05;-0.0022222222222222227;-0.23353309767990652;0.7424479166666667;
[ASXL1->-PTPN11,g->-ASXL1,g->-PTPN11];[86, 111];[86, 111];2;0.016666666666666666;0.0061342592592592594;3.2297560871056236e-05;0.010532407407407407;1.8532874598828264;0.13541666666666666;0.0077777777777777776;3.441358024691358e-05;0.008888888888888889;1.5152439161932107;0.21666666666666665;
[NRAS->-TP53,g->-NRAS,g->-TP53];[87, 110];[62, 87, 110];2;0.016666666666666666;0.007625850340136054;4.195862834929891e-05;0.009040816326530612;1.3957158324173427;0.21767596834652228;0.009007936507936508;4.532155454774503e-05;0.007658730158730158;1.137638731096969;0.29251700680272114;
[DNMT3A->-PTPN11,DNMT3A->-FLT3,DNMT3A->-NPM1,PTPN11->-FLT3,PTPN11->-NPM1,NPM1->-FLT3,g->-DNMT3A,g->-PTPN11,g->-FLT3,g->-NPM1];[9, 102];[9, 102];2;0.016666666666666666;9.921875e-05;8.213188340928819e-07;0.016567447916666665;18.280990500639877;3.125e-05;0.0004265873015873016;3.428032092466616e-06;0.016240079365079364;8.771335194443258;0.00039682539682539677;
[TET2->-FLT3,g->-TET2,g->-FLT3];[9, 115];[9, 108, 115];2;0.016666666666666666;0.008020833333333333;4.460720486111111e-05;0.008645833333333333;1.2945068532800454;0.240625;0.00992063492063492;4.873708742756361e-05;0.006746031746031746;0.9663147187654478;0.34523809523809523;
[RUNX1->-JAK2,g->-RUNX1,g->-JAK2];[1, 112];[1, 112];2;0.016666666666666666;0.005416666666666667;2.96875e-05;0.01125;2.064741604835056;0.1;0.006944444444444444;3.279320987654321e-05;0.009722222222222222;1.6977493752543307;0.16666666666666666;
[RUNX1->-KRAS,g->-RUNX1,g->-KRAS];[89, 116];[89, 116];2;0.016666666666666666;0.002488425925925926;1.7438137645747598e-05;0.014178240740740741;3.395254203190491;0.020833333333333332;0.003472222222222222;2.2665895061728396e-05;0.013194444444444444;2.7714348384599967;0.041666666666666664;
[DNMT3A->-SF3B1,DNMT3A->-RUNX1,SF3B1->-RUNX1,g->-DNMT3A,g->-SF3B1,g->-RUNX1];[1, 53];[1, 29, 53];2;0.016666666666666666;0.001496141975308642;1.1656878119760706e-05;0.015170524691358024;4.4433392585296305;0.009907407407407408;0.004166666666666667;2.8935185185185186e-05;0.0125;2.32379000772445;0.07407407407407407;
[DNMT3A->-SF3B1,DNMT3A->-FLT3,SF3B1->-FLT3,g->-DNMT3A,g->-SF3B1,g->-FLT3];[1, 53];[1, 53, 108];2;0.016666666666666666;0.001854166666666667;1.4291232638888889e-05;0.0148125;3.918262420128411;0.0156;0.004166666666666667;2.8935185185185186e-05;0.0125;2.32379000772445;0.07407407407407407;
[TP53->-IDH2,g->-TP53,g->-IDH2];[25, 62];[25, 34, 62, 87];2;0.016666666666666666;0.008734835600907027;5.148396788680513e-05;0.00793183106575964;1.1054457912417466;0.279812925170068;0.011488095238095238;5.8499858276643993e-05;0.005178571428571428;0.6770684295463891;0.42857142857142855;
[TET2->-PTPN11,g->-TET2,g->-PTPN11];[9, 111];[9, 111];2;0.016666666666666666;0.005613425925925926;3.0941224065500685e-05;0.01105324074074074;1.9871053091043567;0.11284722222222222;0.006587301587301587;3.299634668682287e-05;0.01007936507936508;1.7546893769504894;0.15476190476190474;
[g->-PPM1D,g->-TP53];[98, 105];[98, 99, 105];2;0.016666666666666666;0.005555555555555555;2.9149519890260628e-05;0.011111111111111112;2.0579830217101063;0.09876543209876543;0.008333333333333333;3.08641975308642e-05;0.008333333333333333;1.5;0.2222222222222222;
[SRSF2->-ASXL1,g->-SRSF2,g->-ASXL1];[28, 76];[28, 50, 75, 76, 80, 86, 111, 113];2;0.016666666666666666;0.023703703703703706;0.00012624528463648832;-0.0070370370370370396;-0.6262997723931787;0.8401641845703125;0.03277777777777778;0.00013858024691358026;-0.016111111111111114;-1.3685946167307255;0.9611979166666665;
[SF3B1->-DNMT3A,g->-SF3B1,g->-DNMT3A];[29, 108];[1, 29, 53, 108];2;0.016666666666666666;0.012569444444444444;6.50414737654321e-05;0.004097222222222223;0.5080358185905883;0.485;0.016666666666666666;6.944444444444444e-05;0.0;0.0;0.6875;
[PTPN11->-IDH2,g->-PTPN11,g->-IDH2,g->-NRAS];[9, 81];[9, 59, 62, 81];2;0.016666666666666666;0.000588113459669582;4.777573724736232e-06;0.016078553206997085;7.356026216367027;0.0015787172011661806;0.000992063492063492;7.931783824640967e-06;0.015674603174603174;5.565588848780589;0.00455026455026455;
[TET2->-RUNX1,g->-TET2,g->-RUNX1];[32, 111];[32, 111, 112];2;0.016666666666666666;0.008217592592592592;4.531839420438957e-05;0.008449074074074074;1.2550813067724012;0.2517361111111111;0.010555555555555556;4.984567901234567e-05;0.0061111111111111106;0.865578422901097;0.3833333333333333;
[g->-NPM1,g->-NRAS];[9, 95];[9, 35, 38, 41, 42, 47, 51, 52, 58, 59, 61, 70, 72, 81, 94, 95, 110, 117];2;0.016666666666666666;0.0302687074829932;0.00014571053149150815;-0.013602040816326533;-1.1268305233740574;0.9372706770499271;0.03805555555555555;0.00014741276140085662;-0.021388888888888884;-1.7616542811360174;0.9869546725215659;
[g->-IDH2,g->-TP53];[34, 87];[25, 34, 62, 87];2;0.016666666666666666;0.008145408163265306;4.1071543540885735e-05;0.00852125850340136;1.329637417150362;0.24061224489795918;0.010357142857142858;4.2531179138322e-05;0.006309523809523808;0.9674819513689087;0.37142857142857144;
[TET2->-IDH2,g->-TET2,g->-IDH2];[9, 113];[9, 113];2;0.016666666666666666;0.005729166666666666;3.1195746527777775e-05;0.0109375;1.9582600973046589;0.1171875;0.0071428571428571435;3.330498866213152e-05;0.009523809523809523;1.6502739940140694;0.17857142857142858;
[U2AF1->-FLT3,g->-U2AF1,g->-FLT3];[45, 96];[45, 96];2;0.016666666666666666;0.005729166666666666;3.1195746527777775e-05;0.0109375;1.9582600973046589;0.1171875;0.0076388888888888895;3.423996913580247e-05;0.009027777777777777;1.5428161556520092;0.20833333333333334;
[EZH2->-ASXL1,EZH2->-RUNX1,ASXL1->-RUNX1,g->-EZH2,g->-ASXL1,g->-RUNX1];[46, 63];[46, 63];2;0.016666666666666666;0.0010416666666666667;8.138020833333333e-06;0.015625;5.477225575051661;0.00390625;0.0027777777777777775;1.9290123456790123e-05;0.013888888888888888;3.162277660168379;0.027777777777777776;
[TET2->-ASXL1,TET2->-SRSF2,ASXL1->-SRSF2,g->-TET2,g->-ASXL1,g->-SRSF2];[111, 113];[111, 113];2;0.016666666666666666;0.0010223765432098764;7.996991574264594e-06;0.01564429012345679;5.532132102419706;0.003761574074074074;0.0022916666666666662;1.6353202160493828e-05;0.014375;3.554728617916742;0.018055555555555554;
[ASXL1->-FLT3,g->-ASXL1,g->-FLT3];[46, 80];[46, 75, 80, 104];2;0.016666666666666666;0.01136111111111111;6.198418209876544e-05;0.005305555555555556;0.6738921990413195;0.42083333333333334;0.015416666666666667;6.788194444444444e-05;0.0012499999999999994;0.15171652122725202;0.6312499999999999;
[TP53->-NPM1,g->-TP53,g->-NPM1];[48, 100];[34, 48, 100, 110];2;0.016666666666666666;0.01069657029478458;5.8773753826691296e-05;0.005970096371882087;0.7787348791323221;0.38562925170068024;0.014186507936507936;6.494669627110103e-05;0.00248015873015873;0.3077520428802286;0.5729166666666667;
[RUNX1->-SRSF2,g->-RUNX1,g->-SRSF2];[111, 119];[6, 50, 54, 76, 111, 119];2;0.016666666666666666;0.018023148148148146;9.582842506858709e-05;-0.0013564814814814793;-0.13856919496792083;0.7005308641975307;0.024027777777777776;0.00010368441358024692;-0.00736111111111111;-0.7229139998387019;0.8717708333333333;
[g->-FLT3,g->-IDH2];[49, 59];[9, 49, 59, 61, 73, 80, 83, 104];2;0.016666666666666666;0.01058843537414966;5.8174506282104675e-05;0.006078231292517007;0.7969129220043756;0.3720982142857144;0.012817460317460318;6.442271352985639e-05;0.0038492063492063487;0.47956964567100024;0.4902683295540438;
[SRSF2->-IDH2,g->-SRSF2,g->-IDH2];[50, 54];[6, 7, 15, 16, 23, 50, 54, 62, 78, 80, 84, 90, 113, 119];2;0.016666666666666666;0.04147789115646259;0.00022238795129729896;-0.024811224489795922;-1.6637672496870408;0.98147552849908;0.05732142857142857;0.00024252763605442178;-0.0406547619047619;-2.6105427232586997;0.9988821847098214;
[RUNX1->-IDH2,ASXL1->-IDH2,ASXL1->-RUNX1,g->-RUNX1,g->-IDH2,g->-ASXL1];[50, 104];[39, 50, 104];2;0.016666666666666666;0.0010294753086419752;8.172433675316262e-06;0.01563719135802469;5.469946120068607;0.0045925925925925926;0.003194444444444444;2.2588734567901235e-05;0.013472222222222222;2.834609816105997;0.041666666666666664;
[TET2->-IDH1,g->-TET2,g->-IDH1];[114, 115];[112, 114, 115];2;0.016666666666666666;0.006833333333333334;4.115277777777778e-05;0.009833333333333333;1.5328553843822423;0.18249999999999997;0.008888888888888889;4.753086419753086e-05;0.0077777777777777776;1.1281521496355325;0.2888888888888889;
[FLT3->-DNMT3A,FLT3->-NPM1,DNMT3A->-NPM1,g->-FLT3,g->-DNMT3A,g->-NPM1];[11, 108];[9, 11, 30, 47, 48, 49, 72, 88, 102, 108];2;0.016666666666666666;0.004289583333333334;3.352218967013889e-05;0.012377083333333334;2.1377264239875395;0.08956218558148377;0.009553571428571429;6.852865567523305e-05;0.007113095238095238;0.8592558891528326;0.3211820679122915;
[g->-FLT3,g->-WT1];[52, 107];[0, 3, 11, 17, 40, 45, 52, 64, 65, 68, 107];2;0.016666666666666666;0.008370370370370368;3.95912208504801e-05;0.008296296296296298;1.3185141871967465;0.2531555555555556;0.01138888888888889;3.834876543209877e-05;0.005277777777777777;0.8522664776308874;0.4466666666666667;
[NPM1->-WT1,NPM1->-PTPN11,NPM1->-NRAS,g->-NPM1,g->-WT1,g->-NRAS,g->-PTPN11];[52, 94];[52, 94];2;0.016666666666666666;0.0006399999999999999;5.128533333333333e-06;0.016026666666666668;7.076957915187383;0.0014745599999999998;0.003333333333333333;2.2222222222222223e-05;0.013333333333333332;2.82842712474619;0.039999999999999994;
[WT1->-GATA2,g->-WT1,g->-GATA2];[11, 17];[11, 17];2;0.016666666666666666;0.006458333333333333;3.294270833333333e-05;0.010208333333333333;1.778587321169538;0.15000000000000002;0.008333333333333333;3.472222222222222e-05;0.008333333333333333;1.4142135623730951;0.25;
[TP53->-DNMT3A,g->-TP53,g->-DNMT3A];[14, 25];[14, 25, 48, 98];2;0.016666666666666666;0.008912037037037036;5.158768432784636e-05;0.00775462962962963;1.0796625649802274;0.2893518518518518;0.01388888888888889;6.17283950617284e-05;0.0027777777777777766;0.35355339059327356;0.5625000000000001;
[g->-FLT3,g->-IDH1];[59, 115];[49, 59, 82, 102, 115];2;0.016666666666666666;0.009546768707482993;5.057902017099356e-05;0.0071198979591836735;1.0011255921559;0.31584183673469385;0.011825396825396826;5.60374149659864e-05;0.004841269841269841;0.6467258845105457;0.443915343915344;
[NPM1->-IDH1,NPM1->-NRAS,g->-NPM1,g->-IDH1,g->-NRAS];[59, 81];[59, 81];2;0.016666666666666666;0.0012983479105928087;9.976100283234215e-06;0.015368318756073859;4.865707036921298;0.006064139941690963;0.0024206349206349204;1.7178445452254978e-05;0.014246031746031746;3.437177638448584;0.020634920634920634;
[NPM1->-IDH1,NPM1->-IDH2,g->-NPM1,g->-IDH1,g->-IDH2];[59, 81];[49, 59, 81];2;0.016666666666666666;0.0016983479105928086;1.3149433616567547e-05;0.014968318756073858;4.127808106311915;0.012960466472303209;0.0032539682539682534;2.3428445452254977e-05;0.013412698412698413;2.7710503889498663;0.04555555555555555;
[SF3B1->-PTPN11,g->-SF3B1,g->-PTPN11];[3, 60];[3, 60];2;0.016666666666666666;0.005777777777777778;3.14320987654321e-05;0.010888888888888889;1.942213086459074;0.12;0.007916666666666666;3.454861111111111e-05;0.00875;1.4886505305175055;0.225;
[U2AF1->-DNMT3A,U2AF1->-NRAS,DNMT3A->-NRAS,g->-U2AF1,g->-DNMT3A,g->-NRAS];[12, 96];[12, 13, 96];2;0.016666666666666666;0.0013020833333333333;1.0240342881944444e-05;0.015364583333333333;4.801351906749841;0.007568359375;0.003472222222222222;2.4594907407407408e-05;0.013194444444444444;2.660532159653219;0.050925925925925916;
[TET2->-U2AF1,g->-TET2,g->-U2AF1];[12, 32];[12, 32];2;0.016666666666666666;0.00625;3.255208333333333e-05;0.010416666666666666;1.8257418583505538;0.140625;0.008333333333333333;3.472222222222222e-05;0.008333333333333333;1.4142135623730951;0.25;
[RUNX1->-NRAS,g->-RUNX1,g->-NRAS];[13, 116];[13, 63, 89, 91, 116];2;0.016666666666666666;0.01082175925925926;6.301105431241426e-05;0.005844907407407406;0.7363245191503492;0.38869900173611105;0.015972222222222224;7.474922839506172e-05;0.000694444444444442;0.0803219328902496;0.6458333333333334;
